Indx	Word	UnTrn	StTrn	NSyll	NPhon	unsDENS	unsFDEN	unsLDEN	unsCDEN	strDENS	strFDEN	strLDEN	strCDEN	unsBPAV	unsFBPAV	unsLBPAV	unsCBPAV	strBPAV	strFBPAV	strLBPAV	strCBPAV	unsTPAV	unsFTPAV	unsLTPAV	unsCTPAV	strTPAV	strFTPAV	strLTPAV	strCTPAV	unsPOSPAV	unsFPOSPAV	unsLPOSPAV	unsCPOSPAV	strPOSPAV	strFPOSPAV	strLPOSPAV	strCPOSPAV	unsLCPOSPAV	unsFLCPOSPAV	unsLLCPOSPAV	unsCLCPOSPAV	strLCPOSPAV	strFLCPOSPAV	strLLCPOSPAV	strCLCPOSPAV			
1	aelehktrowmaegnahtihzahm (w:electromagnetism)	AE.L.EH.K.T.R.OW.M.AE.G.N.AH.T.IH.Z.AH.M	AE0.L.EH2.K.T.R.OW0.M.AE1.G.N.AH0.T.IH2.Z.AH0.M	7	17	1	0.06	0.03	3	1	0.06	0.03	3	0.00397141	0.00377276	0.00376567	0.00333964	0.00237247	0.00142948	0.00217630	0.00176782	0.00024750	0.00010103	0.00021370	0.00017391	0.00011502	0.00003640	0.00008938	0.00006497	0.06357738	0.07032784	0.06239526	0.07293625	0.05738843	0.06614543	0.05690035	0.06891543	32489585.20588235	0.14805583	0.16624041	0.17286915	32489579.55147059	0.13359920	0.15217391	0.15606242			
2	ahlawktrowkaardiyahgraem (w:electrocardiogram)	AH.L.AW.K.T.R.OW.K.AA.R.D.IY.AH.G.R.AE.M	AH0.L.AW1.K.T.R.OW0.K.AA1.R.D.IY0.AH0.G.R.AE2.M	7	17	0	0	0	0	0	0	0	0	0.00381970	0.00215616	0.00371900	0.00330427	0.00304334	0.00158534	0.00291301	0.00261721	0.00015956	0.00008133	0.00015290	0.00013577	0.00010361	0.00004915	0.00009967	0.00008618	0.05210024	0.03905955	0.04315246	0.04116660	0.05119101	0.03810837	0.04242967	0.04045503	64979161.59558824	0.09471585	0.09974424	0.10684273	64979165.36029412	0.09471585	0.09974424	0.10684273			
3	ahlawktrowmaegnahtihzahm (w:electromagnetism)	AH.L.AW.K.T.R.OW.M.AE.G.N.AH.T.IH.Z.AH.M	AH0.L.AW1.K.T.R.OW0.M.AE1.G.N.AH0.T.IH2.Z.AH0.M	7	17	0	0	0	0	0	0	0	0	0.00458992	0.00401045	0.00428091	0.00375002	0.00341290	0.00189141	0.00311052	0.00255405	0.00016716	0.00007298	0.00014138	0.00011588	0.00010678	0.00003583	0.00008421	0.00006432	0.06355156	0.07216070	0.06228622	0.07291637	0.05937896	0.07011983	0.05887113	0.07101333	64979162.60294118	0.14107677	0.15856777	0.16446579	64979114.59558824	0.12662014	0.14450128	0.14765906			
4	ahlehjtrowkaardiyahgraem (w:electrocardiogram)	AH.L.EH.JH.T.R.OW.K.AA.R.D.IY.AH.G.R.AE.M	AH0.L.EH2.JH.T.R.OW0.K.AA1.R.D.IY0.AH0.G.R.AE2.M	7	17	0	0	0	0	0	0	0	0	0.00370814	0.00214762	0.00359366	0.00316727	0.00278626	0.00145916	0.00264018	0.00233878	0.00017124	0.00008159	0.00016119	0.00013708	0.00009773	0.00004582	0.00009195	0.00007879	0.05138495	0.03806275	0.04252785	0.04093985	0.04909297	0.03582057	0.04035956	0.03864812	64979158.76470588	0.09272184	0.09718670	0.10444177	64979176.64705882	0.09272184	0.09718670	0.10444177			
5	ahlehjtrowmaegnahtihzahm (w:electromagnetism)	AH.L.EH.JH.T.R.OW.M.AE.G.N.AH.T.IH.Z.AH.M	AH0.L.EH2.JH.T.R.OW0.M.AE1.G.N.AH0.T.IH2.Z.AH0.M	7	17	0	0	0	0	0	0	0	0	0.00447837	0.00400192	0.00415557	0.00361303	0.00315583	0.00176523	0.00283769	0.00227562	0.00017885	0.00007323	0.00014966	0.00011719	0.00010090	0.00003251	0.00007648	0.00005693	0.06283627	0.07116391	0.06166162	0.07268962	0.05728092	0.06783203	0.05680103	0.06920642	64979176.71323530	0.13908275	0.15601023	0.16206483	64979175.76470588	0.12462612	0.14194373	0.14525810			
6	ahlehktraekaardiyahgraem (w:electrocardiogram)	AH.L.EH.K.T.R.AE.K.AA.R.D.IY.AH.G.R.AE.M	AH0.L.EH2.K.T.R.AE2.K.AA1.R.D.IY0.AH0.G.R.AE2.M	7	17	0	0	0	0	0	0	0	0	0.00441609	0.00244321	0.00428832	0.00377920	0.00310171	0.00158783	0.00294758	0.00262262	0.00029914	0.00012327	0.00028213	0.00022711	0.00011443	0.00005054	0.00010775	0.00008813	0.05339254	0.04054363	0.04446518	0.04288372	0.05108642	0.03770084	0.04225891	0.04028577	64979161.59558824	0.09471585	0.09974424	0.10684273	64979191.71323530	0.09471585	0.09974424	0.10684273			
7	ahlehktraemaegnahtihzahm (w:electromagnetism)	AH.L.EH.K.T.R.AE.M.AE.G.N.AH.T.IH.Z.AH.M	AH0.L.EH2.K.T.R.AE2.M.AE1.G.N.AH0.T.IH2.Z.AH0.M	7	17	0	0	0	0	0	0	0	0	0.00511220	0.00428976	0.00478787	0.00416105	0.00343896	0.00189200	0.00312414	0.00254951	0.00029630	0.00011211	0.00025764	0.00019848	0.00011702	0.00003576	0.00008973	0.00006290	0.06484386	0.07364478	0.06359894	0.07463349	0.05927437	0.06971229	0.05870038	0.07084407	64979175.77941176	0.14107677	0.15856777	0.16446579	64979173.88970588	0.12662014	0.14450128	0.14765906			
8	ahlehktraykaardiyahgraem (w:electrocardiogram)	AH.L.EH.K.T.R.AY.K.AA.R.D.IY.AH.G.R.AE.M	AH0.L.EH2.K.T.R.AY2.K.AA1.R.D.IY0.AH0.G.R.AE2.M	7	17	0	0	0	0	0	0	0	0	0.00411653	0.00253747	0.00401712	0.00364495	0.00304274	0.00157553	0.00289999	0.00259423	0.00024977	0.00012687	0.00023722	0.00021119	0.00010667	0.00004871	0.00010157	0.00008434	0.05377401	0.04019483	0.04470567	0.04291479	0.05163785	0.03804678	0.04268590	0.04070280	64979163.47794118	0.09471585	0.09974424	0.10684273	64979189.83088236	0.09471585	0.09974424	0.10684273			
9	ahlehktraymaegnahtihzahm (w:electromagnetism)	AH.L.EH.K.T.R.AY.M.AE.G.N.AH.T.IH.Z.AH.M	AH0.L.EH2.K.T.R.AY2.M.AE1.G.N.AH0.T.IH2.Z.AH0.M	7	17	0	0	0	0	0	0	0	0	0.00488501	0.00439471	0.00459371	0.00412737	0.00340826	0.00188703	0.00310013	0.00254282	0.00025840	0.00011962	0.00022299	0.00019347	0.00010831	0.00003330	0.00008169	0.00005796	0.06522533	0.07329598	0.06383943	0.07466455	0.05982580	0.07005824	0.05912736	0.07126110	64979165.42647060	0.14107677	0.15856777	0.16446579	64979113.65441176	0.12662014	0.14450128	0.14765906			
10	ahlehktrehkaardiyahgraem (w:electrocardiogram)	AH.L.EH.K.T.R.EH.K.AA.R.D.IY.AH.G.R.AE.M	AH0.L.EH2.K.T.R.EH2.K.AA1.R.D.IY0.AH0.G.R.AE2.M	7	17	0	0	0	0	0	0	0	0	0.00446381	0.00247745	0.00433915	0.00391511	0.00309888	0.00159186	0.00295487	0.00263536	0.00026952	0.00011600	0.00025172	0.00020960	0.00010761	0.00004923	0.00010381	0.00008592	0.05364004	0.04033057	0.04467198	0.04291245	0.05101381	0.03793663	0.04225090	0.04040478	32489572.89705882	0.10069791	0.10613811	0.11044418	64979184.18382354	0.09471585	0.09974424	0.10684273			
11	ahlehktrehmaegnahtihzahm (w:electromagnetism)	AH.L.EH.K.T.R.EH.M.AE.G.N.AH.T.IH.Z.AH.M	AH0.L.EH2.K.T.R.EH2.M.AE1.G.N.AH0.T.IH2.Z.AH0.M	7	17	0	0	0	0	0	0	0	0	0.00511705	0.00455430	0.00478450	0.00428039	0.00344077	0.00189082	0.00312034	0.00255358	0.00025942	0.00009925	0.00021994	0.00017254	0.00010796	0.00003328	0.00008155	0.00005799	0.06509136	0.07343172	0.06380574	0.07466222	0.05920176	0.06994809	0.05869236	0.07096308	32489541.90441177	0.14705883	0.16496164	0.16806723	64979154.12500000	0.12662014	0.14450128	0.14765906			
12	ahlehktrerkaardiyahgraem (w:electrocardiogram)	AH.L.EH.K.T.R.ER.K.AA.R.D.IY.AH.G.R.AE.M	AH0.L.EH2.K.T.R.ER0.K.AA1.R.D.IY0.AH0.G.R.AE2.M	7	17	0	0	0	0	0	0	0	0	0.00402515	0.00243936	0.00389949	0.00350201	0.00304213	0.00173954	0.00290695	0.00261216	0.00023491	0.00010352	0.00022086	0.00018357	0.00010420	0.00004852	0.00010051	0.00008396	0.05482532	0.04270071	0.04629943	0.04495665	0.05272028	0.04055551	0.04429229	0.04274919	64979113.59558824	0.09471585	0.09974424	0.10684273	64979172.88970588	0.09471585	0.09974424	0.10684273			
13	ahlehktrermaegnahtihzahm (w:electromagnetism)	AH.L.EH.K.T.R.ER.M.AE.G.N.AH.T.IH.Z.AH.M	AH0.L.EH2.K.T.R.ER0.M.AE1.G.N.AH0.T.IH2.Z.AH0.M	7	17	0	0	0	0	0	0	0	0	0.00482157	0.00437031	0.00448819	0.00396761	0.00342967	0.00209870	0.00311909	0.00257400	0.00024410	0.00009583	0.00020693	0.00016505	0.00010702	0.00003324	0.00008125	0.00005789	0.06627664	0.07580187	0.06543320	0.07670642	0.06090823	0.07256697	0.06073375	0.07330749	64979110.83823530	0.14107677	0.15856777	0.16446579	64979144.71323530	0.12662014	0.14450128	0.14765906			
14	ahlehktreykaardiyahgraem (w:electrocardiogram)	AH.L.EH.K.T.R.EY.K.AA.R.D.IY.AH.G.R.AE.M	AH0.L.EH2.K.T.R.EY0.K.AA1.R.D.IY0.AH0.G.R.AE2.M	7	17	0	0	0	0	0	0	0	0	0.00426010	0.00262729	0.00417506	0.00377882	0.00301850	0.00157431	0.00288805	0.00259049	0.00026589	0.00012241	0.00025789	0.00021941	0.00010443	0.00004853	0.00010062	0.00008398	0.05458463	0.04076646	0.04533388	0.04354132	0.05083907	0.03758736	0.04203282	0.04016140	64979155.00735294	0.09471585	0.09974424	0.10684273	64979183.24264706	0.09471585	0.09974424	0.10684273			
15	ahlehktreymaegnahtihzahm (w:electromagnetism)	AH.L.EH.K.T.R.EY.M.AE.G.N.AH.T.IH.Z.AH.M	AH0.L.EH2.K.T.R.EY0.M.AE1.G.N.AH0.T.IH2.Z.AH0.M	7	17	0	0	0	0	0	0	0	0	0.00501714	0.00445925	0.00472131	0.00419917	0.00338806	0.00187935	0.00308262	0.00252460	0.00026839	0.00010911	0.00023698	0.00019191	0.00010643	0.00003323	0.00008113	0.00005785	0.06603595	0.07386761	0.06446764	0.07529109	0.05902702	0.06959882	0.05847428	0.07071970	64979109.89705882	0.14107677	0.15856777	0.16446579	64979150.36029412	0.12662014	0.14450128	0.14765906			
16	ahlehktrihkaardiyahgraem (w:electrocardiogram)	AH.L.EH.K.T.R.IH.K.AA.R.D.IY.AH.G.R.AE.M	AH0.L.EH2.K.T.R.IH0.K.AA1.R.D.IY0.AH0.G.R.AE2.M	7	17	0	0	0	0	0	0	0	0	0.00494865	0.00269696	0.00482568	0.00428706	0.00365867	0.00182385	0.00352180	0.00311229	0.00030515	0.00015007	0.00028697	0.00024544	0.00014371	0.00008418	0.00014000	0.00012650	0.05762731	0.04283428	0.04849711	0.04600538	0.05493734	0.04035860	0.04594656	0.04344192	64979151.24264706	0.09471585	0.09974424	0.10684273	64979134.30147060	0.09471585	0.09974424	0.10684273			
17	ahlehktriykaardiyahgraem (w:electrocardiogram)	AH.L.EH.K.T.R.IY.K.AA.R.D.IY.AH.G.R.AE.M	AH0.L.EH2.K.T.R.IY0.K.AA1.R.D.IY0.AH0.G.R.AE2.M	7	17	0	0	0	0	0	0	0	0	0.00467645	0.00285563	0.00457360	0.00417923	0.00345976	0.00183494	0.00331622	0.00300648	0.00028098	0.00012471	0.00026656	0.00022383	0.00013113	0.00005723	0.00012322	0.00010116	0.05500470	0.04317929	0.04662875	0.04569443	0.05267717	0.04087702	0.04439047	0.04333660	64979127.71323530	0.09471585	0.09974424	0.10684273	64979163.47794118	0.09471585	0.09974424	0.10684273			
18	ahlehktriymaegnahtihzahm (w:electromagnetism)	AH.L.EH.K.T.R.IY.M.AE.G.N.AH.T.IH.Z.AH.M	AH0.L.EH2.K.T.R.IY0.M.AE1.G.N.AH0.T.IH2.Z.AH0.M	7	17	0	0	0	0	0	0	0	0	0.00544221	0.00478185	0.00515176	0.00467456	0.00382528	0.00215979	0.00351853	0.00296820	0.00028620	0.00013331	0.00025905	0.00022582	0.00013019	0.00005301	0.00010773	0.00008814	0.06645602	0.07628044	0.06576251	0.07744420	0.06086512	0.07288848	0.06083193	0.07389490	64979150.36764706	0.14107677	0.15856777	0.16446579	64979131.53676470	0.12662014	0.14450128	0.14765906			
19	ahlehktrowkaaldiyahgraem (w:electrocardiogram)	AH.L.EH.K.T.R.OW.K.AA.L.D.IY.AH.G.R.AE.M	AH0.L.EH2.K.T.R.OW0.K.AA1.L.D.IY0.AH0.G.R.AE2.M	7	17	0	0	0	0	0	0	0	0	0.00390758	0.00201087	0.00370094	0.00324600	0.00300315	0.00131131	0.00273658	0.00238817	0.00021494	0.00008206	0.00019533	0.00015800	0.00008879	0.00002494	0.00007433	0.00005276	0.05732321	0.04499494	0.04900380	0.04776867	0.05502620	0.04273486	0.04682679	0.04546604	32489575.72794118	0.10368893	0.10997442	0.11404562	32489581.37500000	0.10368893	0.10997442	0.11404562			
20	ahlehktrowkaandiyahgraem (w:electrocardiogram)	AH.L.EH.K.T.R.OW.K.AA.N.D.IY.AH.G.R.AE.M	AH0.L.EH2.K.T.R.OW0.K.AA1.N.D.IY0.AH0.G.R.AE2.M	7	17	0	0	0	0	0	0	0	0	0.00431113	0.00306807	0.00413727	0.00376164	0.00336222	0.00231339	0.00315499	0.00289775	0.00026748	0.00009749	0.00024672	0.00019046	0.00012713	0.00003648	0.00011695	0.00007808	0.05892724	0.04861411	0.05160011	0.05061708	0.05663024	0.04635389	0.04942288	0.04831437	32489573.86029412	0.14057827	0.14450128	0.15366146	32489597.38970588	0.14057827	0.14450128	0.15366146			
21	ahlehktrowkaangdiyahgraem (w:electrocardiogram)	AH.L.EH.K.T.R.OW.K.AA.NG.D.IY.AH.G.R.AE.M	AH0.L.EH2.K.T.R.OW0.K.AA1.NG.D.IY0.AH0.G.R.AE2.M	7	17	0	0	0	0	0	0	0	0	0.00363364	0.00184913	0.00345164	0.00298944	0.00273133	0.00115904	0.00249095	0.00213207	0.00020415	0.00007742	0.00018593	0.00015020	0.00007868	0.00002074	0.00006593	0.00004537	0.05517544	0.04119145	0.04592618	0.04385317	0.05287843	0.03893152	0.04374942	0.04155065	64979143.72058824	0.09770688	0.10358056	0.11044418	64979192.66176470	0.09770688	0.10358056	0.11044418			
22	ahlehktrowkaardiyahgzaem (w:electrocardiogram)	AH.L.EH.K.T.R.OW.K.AA.R.D.IY.AH.G.Z.AE.M	AH0.L.EH2.K.T.R.OW0.K.AA1.R.D.IY0.AH0.G.Z.AE2.M	7	17	0	0	0	0	0	0	0	0	0.00386218	0.00228245	0.00376083	0.00342820	0.00297226	0.00155001	0.00282528	0.00254314	0.00020677	0.00009931	0.00019570	0.00017474	0.00008632	0.00004071	0.00008039	0.00006697	0.05838687	0.05607510	0.05394448	0.05952344	0.05608986	0.05381521	0.05176784	0.05722096	32489590.79411765	0.10368893	0.11125319	0.11764706	32489594.55882353	0.10368893	0.11125319	0.11764706			
23	ahlehktrowkaardiyahzraem (w:electrocardiogram)	AH.L.EH.K.T.R.OW.K.AA.R.D.IY.AH.Z.R.AE.M	AH0.L.EH2.K.T.R.OW0.K.AA1.R.D.IY0.AH0.Z.R.AE2.M	7	17	0	0	0	0	0	0	0	0	0.00404068	0.00249735	0.00395362	0.00355580	0.00296175	0.00168518	0.00283714	0.00253883	0.00021096	0.00009589	0.00019678	0.00016855	0.00008997	0.00004190	0.00008371	0.00006932	0.05877138	0.06340875	0.05291850	0.06285931	0.05647437	0.06114886	0.05074186	0.06055683	64979162.54411764	0.09770688	0.10358056	0.11044418	64979187.95588236	0.09770688	0.10358056	0.11044418			
24	ahlehktrowkaarliyahgraem (w:electrocardiogram)	AH.L.EH.K.T.R.OW.K.AA.R.L.IY.AH.G.R.AE.M	AH0.L.EH2.K.T.R.OW0.K.AA1.R.L.IY0.AH0.G.R.AE2.M	7	17	0	0	0	0	0	0	0	0	0.00431540	0.00243515	0.00413248	0.00368021	0.00327296	0.00163810	0.00303904	0.00268112	0.00023718	0.00009936	0.00022328	0.00017525	0.00009832	0.00004337	0.00009332	0.00006784	0.05591248	0.04565607	0.04738105	0.04798381	0.05361547	0.04339618	0.04520442	0.04568133	64979152.19117648	0.09770688	0.10358056	0.11044418	64979127.72058824	0.09770688	0.10358056	0.11044418			
25	ahlehktrowkaarniyahgraem (w:electrocardiogram)	AH.L.EH.K.T.R.OW.K.AA.R.N.IY.AH.G.R.AE.M	AH0.L.EH2.K.T.R.OW0.K.AA1.R.N.IY0.AH0.G.R.AE2.M	7	17	0	0	0	0	0	0	0	0	0.00404378	0.00233946	0.00391742	0.00348398	0.00301123	0.00158786	0.00284366	0.00252329	0.00023945	0.00008585	0.00020912	0.00015759	0.00010537	0.00003348	0.00008558	0.00005690	0.05723771	0.04516027	0.04925259	0.04730994	0.05494070	0.04290038	0.04707596	0.04500746	32489591.74264706	0.10368893	0.11125319	0.11764706	32489587.97794118	0.10368893	0.11125319	0.11764706			
26	ahlehktrowkaarshiyahgraem (w:electrocardiogram)	AH.L.EH.K.T.R.OW.K.AA.R.SH.IY.AH.G.R.AE.M	AH0.L.EH2.K.T.R.OW0.K.AA1.R.SH.IY0.AH0.G.R.AE2.M	7	17	0	0	0	0	0	0	0	0	0.00387014	0.00216175	0.00368880	0.00317774	0.00290561	0.00143051	0.00270738	0.00234072	0.00021494	0.00008260	0.00019518	0.00015135	0.00008397	0.00003183	0.00007470	0.00005355	0.05175458	0.03933269	0.04221570	0.04131855	0.04945757	0.03707280	0.04003906	0.03901607	64979156.89705882	0.09770688	0.10358056	0.11044418	64979168.19117648	0.09770688	0.10358056	0.11044418			
27	ahlehktrowkaartiyahgraem (w:electrocardiogram)	AH.L.EH.K.T.R.OW.K.AA.R.T.IY.AH.G.R.AE.M	AH0.L.EH2.K.T.R.OW0.K.AA1.R.T.IY0.AH0.G.R.AE2.M	7	17	0	0	0	0	0	0	0	0	0.00426961	0.00266024	0.00412927	0.00361408	0.00320268	0.00158739	0.00301942	0.00264486	0.00025295	0.00013132	0.00024648	0.00022313	0.00010996	0.00007335	0.00011273	0.00011473	0.05670762	0.04323746	0.04744576	0.04552023	0.05441061	0.04097757	0.04526912	0.04321775	32489540.91176471	0.11515454	0.12148337	0.13085234	32489576.67647059	0.11515454	0.12148337	0.13085234			
28	ahlehktrowkaarziyahgraem (w:electrocardiogram)	AH.L.EH.K.T.R.OW.K.AA.R.Z.IY.AH.G.R.AE.M	AH0.L.EH2.K.T.R.OW0.K.AA1.R.Z.IY0.AH0.G.R.AE2.M	7	17	0	0	0	0	0	0	0	0	0.00420656	0.00218861	0.00397512	0.00339378	0.00294176	0.00148722	0.00277243	0.00243912	0.00021607	0.00008480	0.00019779	0.00015589	0.00008397	0.00003392	0.00007702	0.00005804	0.05505108	0.03975816	0.04474038	0.04221583	0.05275408	0.03749827	0.04256375	0.03991336	64979140.89705882	0.09770688	0.10358056	0.11044418	64979158.77941176	0.09770688	0.10358056	0.11044418			
29	ahlehktrowkaasdiyahgraem (w:electrocardiogram)	AH.L.EH.K.T.R.OW.K.AA.S.D.IY.AH.G.R.AE.M	AH0.L.EH2.K.T.R.OW0.K.AA1.S.D.IY0.AH0.G.R.AE2.M	7	17	0	0	0	0	0	0	0	0	0.00368195	0.00187562	0.00350314	0.00304147	0.00277132	0.00118272	0.00253632	0.00218055	0.00020461	0.00007853	0.00018632	0.00015294	0.00007891	0.00002184	0.00006651	0.00004823	0.05740477	0.04442802	0.04798937	0.04685265	0.05510777	0.04216796	0.04581245	0.04455004	64979154.07352942	0.09770688	0.10358056	0.11044418	64979180.42647060	0.09770688	0.10358056	0.11044418			
30	ahlehktrowkaatdiyahgraem (w:electrocardiogram)	AH.L.EH.K.T.R.OW.K.AA.T.D.IY.AH.G.R.AE.M	AH0.L.EH2.K.T.R.OW0.K.AA1.T.D.IY0.AH0.G.R.AE2.M	7	17	0	0	0	0	0	0	0	0	0.00369398	0.00213081	0.00352545	0.00311455	0.00278061	0.00142565	0.00255674	0.00225441	0.00020608	0.00007984	0.00018824	0.00015420	0.00007985	0.00002303	0.00006791	0.00004934	0.05878225	0.04680008	0.05084290	0.04946667	0.05648524	0.04453993	0.04866574	0.04716399	64979139.95588236	0.09770688	0.10358056	0.11044418	64979164.42647060	0.09770688	0.10358056	0.11044418			
31	ahlehktrowkaazdiyahgraem (w:electrocardiogram)	AH.L.EH.K.T.R.OW.K.AA.Z.D.IY.AH.G.R.AE.M	AH0.L.EH2.K.T.R.OW0.K.AA1.Z.D.IY0.AH0.G.R.AE2.M	7	17	0	0	0	0	0	0	0	0	0.00370019	0.00205495	0.00351243	0.00309048	0.00279959	0.00135534	0.00255273	0.00223453	0.00020438	0.00010331	0.00019153	0.00016918	0.00007868	0.00004570	0.00007135	0.00006456	0.05735946	0.04240875	0.04758577	0.04509230	0.05506245	0.04014877	0.04540888	0.04278975	64979150.30882354	0.09770688	0.10358056	0.11044418	64979131.48529412	0.09770688	0.10358056	0.11044418			
32	ahlehktrowkahrdiyahgraem (w:electrocardiogram)	AH.L.EH.K.T.R.OW.K.AH.R.D.IY.AH.G.R.AE.M	AH0.L.EH2.K.T.R.OW0.K.AH0.R.D.IY0.AH0.G.R.AE2.M	7	17	0	0	0	0	0	0	0	0	0.00417222	0.00232327	0.00401590	0.00356398	0.00314654	0.00141177	0.00287165	0.00245696	0.00021346	0.00008405	0.00019778	0.00016377	0.00007962	0.00002059	0.00006567	0.00004525	0.06113250	0.04780719	0.05293637	0.05089341	0.05872348	0.04551898	0.05070263	0.04855679	32489586.08088235	0.10368893	0.10997442	0.11404562	32489584.19852941	0.10368893	0.10997442	0.11404562			
33	ahlehktrowkehrdiyahgraem (w:electrocardiogram)	AH.L.EH.K.T.R.OW.K.EH.R.D.IY.AH.G.R.AE.M	AH0.L.EH2.K.T.R.OW0.K.EH2.R.D.IY0.AH0.G.R.AE2.M	7	17	0	0	0	0	0	0	0	0	0.00397510	0.00227641	0.00390296	0.00351661	0.00276021	0.00113930	0.00250504	0.00215928	0.00022299	0.00010487	0.00021674	0.00019360	0.00008126	0.00002092	0.00006741	0.00004592	0.05370004	0.04011310	0.04468128	0.04273219	0.05114326	0.03776296	0.04234874	0.04032998	32489577.61764706	0.11515454	0.12148337	0.13085234	32489535.26470588	0.11515454	0.12148337	0.13085234			
34	ahlehktrowkeyrdiyahgraem (w:electrocardiogram)	AH.L.EH.K.T.R.OW.K.EY.R.D.IY.AH.G.R.AE.M	AH0.L.EH2.K.T.R.OW0.K.EY2.R.D.IY0.AH0.G.R.AE2.M	7	17	0	0	0	0	0	0	0	0	0.00375839	0.00197176	0.00358918	0.00316895	0.00271942	0.00112127	0.00246083	0.00211649	0.00021051	0.00012371	0.00019617	0.00016656	0.00007903	0.00002059	0.00006558	0.00004522	0.05483453	0.04116602	0.04588789	0.04391275	0.05180057	0.03831994	0.04306283	0.04098483	64979127.72058824	0.09770688	0.10358056	0.11044418	64979163.48529412	0.09770688	0.10358056	0.11044418			
35	ahlehktrowkihrdiyahgraem (w:electrocardiogram)	AH.L.EH.K.T.R.OW.K.IH.R.D.IY.AH.G.R.AE.M	AH0.L.EH2.K.T.R.OW0.K.IH0.R.D.IY0.AH0.G.R.AE2.M	7	17	0	0	0	0	0	0	0	0	0.00388527	0.00210662	0.00380070	0.00346935	0.00278142	0.00120380	0.00255140	0.00225523	0.00021335	0.00008545	0.00019975	0.00016635	0.00007903	0.00002059	0.00006558	0.00004522	0.05819557	0.04284622	0.04836951	0.04573432	0.05553236	0.04007049	0.04589450	0.04300407	64979150.30882354	0.09770688	0.10358056	0.11044418	64979131.48529412	0.09770688	0.10358056	0.11044418			
36	ahlehktrowkiyrdiyahgraem (w:electrocardiogram)	AH.L.EH.K.T.R.OW.K.IY.R.D.IY.AH.G.R.AE.M	AH0.L.EH2.K.T.R.OW0.K.IY0.R.D.IY0.AH0.G.R.AE2.M	7	17	0	0	0	0	0	0	0	0	0.00374151	0.00204511	0.00360047	0.00319218	0.00272911	0.00113347	0.00249380	0.00213780	0.00020847	0.00008136	0.00019274	0.00015759	0.00007915	0.00002059	0.00006558	0.00004522	0.05647794	0.04546085	0.04837794	0.04785341	0.05410644	0.04317880	0.04615803	0.04552740	64979161.60294118	0.09770688	0.10358056	0.11044418	64979165.36764706	0.09770688	0.10358056	0.11044418			
37	ahlehktrowkuwrdiyahgraem (w:electrocardiogram)	AH.L.EH.K.T.R.OW.K.UW.R.D.IY.AH.G.R.AE.M	AH0.L.EH2.K.T.R.OW0.K.UW0.R.D.IY0.AH0.G.R.AE2.M	7	17	0	0	0	0	0	0	0	0	0.00367884	0.00188447	0.00351732	0.00310293	0.00267984	0.00111623	0.00243362	0.00210250	0.00020642	0.00008039	0.00018992	0.00015580	0.00007903	0.00002059	0.00006558	0.00004522	0.05350389	0.04007204	0.04459508	0.04269366	0.05110615	0.03775900	0.04234218	0.04032879	32489570.08088235	0.12313061	0.12659846	0.13325330	64979130.54411764	0.09770688	0.10358056	0.11044418			
38	ahlehktrowlaardiyahgraem (w:electrocardiogram)	AH.L.EH.K.T.R.OW.L.AA.R.D.IY.AH.G.R.AE.M	AH0.L.EH2.K.T.R.OW0.L.AA1.R.D.IY0.AH0.G.R.AE2.M	7	17	0	0	0	0	0	0	0	0	0.00410586	0.00231472	0.00398931	0.00359211	0.00300093	0.00152142	0.00283093	0.00252919	0.00023831	0.00010159	0.00022910	0.00019189	0.00009949	0.00003764	0.00009286	0.00007533	0.05478014	0.04379026	0.04635490	0.04600219	0.05248305	0.04153036	0.04417824	0.04369969	64979143.72058824	0.09770688	0.10358056	0.11044418	64979132.42647060	0.09770688	0.10358056	0.11044418			
39	ahlehktrowlaegnahtihzahm (w:electromagnetism)	AH.L.EH.K.T.R.OW.L.AE.G.N.AH.T.IH.Z.AH.M	AH0.L.EH2.K.T.R.OW0.L.AE1.G.N.AH0.T.IH2.Z.AH0.M	7	17	0	0	0	0	0	0	0	0	0.00504624	0.00427269	0.00472590	0.00419348	0.00350318	0.00187193	0.00316747	0.00258328	0.00026044	0.00010505	0.00022517	0.00018339	0.00011231	0.00003343	0.00008385	0.00005979	0.06685795	0.07741956	0.06615045	0.07839379	0.06129745	0.07406996	0.06128149	0.07489982	64979150.36029412	0.12761715	0.14450128	0.14885954	64979069.41176470	0.11316052	0.13043478	0.13205282			
40	ahlehktrowmaeglahtihzahm (w:electromagnetism)	AH.L.EH.K.T.R.OW.M.AE.G.L.AH.T.IH.Z.AH.M	AH0.L.EH2.K.T.R.OW0.M.AE1.G.L.AH0.T.IH2.Z.AH0.M	7	17	0	0	0	0	0	0	0	0	0.00501849	0.00415394	0.00466516	0.00405014	0.00348197	0.00181129	0.00312243	0.00250616	0.00026566	0.00007447	0.00021595	0.00015348	0.00012148	0.00002330	0.00008428	0.00004883	0.06347095	0.07353355	0.06165833	0.07495152	0.05791057	0.07018396	0.05678940	0.07145757	64979171.06617648	0.14207378	0.15856777	0.16566627	64979128.70588236	0.12761715	0.14450128	0.14885954			
41	ahlehktrowmaegnahlihzahm (w:electromagnetism)	AH.L.EH.K.T.R.OW.M.AE.G.N.AH.L.IH.Z.AH.M	AH0.L.EH2.K.T.R.OW0.M.AE1.G.N.AH0.L.IH2.Z.AH0.M	7	17	0	0	0	0	0	0	0	0	0.00532600	0.00321865	0.00488352	0.00424621	0.00411851	0.00188328	0.00366559	0.00301331	0.00032104	0.00008523	0.00024505	0.00016879	0.00015665	0.00003524	0.00010949	0.00007048	0.06495624	0.06951045	0.06512804	0.07160140	0.05939586	0.06616086	0.06025910	0.06810746	32489585.21323530	0.16251246	0.18030690	0.18967587	32489574.85294118	0.14805583	0.16624041	0.17286915			
42	ahlehktrowmaegnahnihzahm (w:electromagnetism)	AH.L.EH.K.T.R.OW.M.AE.G.N.AH.N.IH.Z.AH.M	AH0.L.EH2.K.T.R.OW0.M.AE1.G.N.AH0.N.IH2.Z.AH0.M	7	17	0	0	0	0	0	0	0	0	0.00576330	0.00416520	0.00550165	0.00499085	0.00459147	0.00256340	0.00422173	0.00351882	0.00026112	0.00007475	0.00020339	0.00014903	0.00010973	0.00001997	0.00007200	0.00003858	0.06567653	0.08128341	0.06674993	0.08070294	0.06011615	0.07793382	0.06188100	0.07720899	64979172.02205882	0.14506481	0.16240409	0.16926771	64979122.13235294	0.13060818	0.14833759	0.15246098			
43	ahlehktrowmaegnahtihzaem (w:electromagnetism)	AH.L.EH.K.T.R.OW.M.AE.G.N.AH.T.IH.Z.AE.M	AH0.L.EH2.K.T.R.OW0.M.AE1.G.N.AH0.T.IH2.Z.AE2.M	7	17	0	0	0	0	0	0	0	0	0.00455772	0.00365785	0.00425776	0.00366159	0.00301769	0.00154435	0.00274414	0.00222428	0.00021210	0.00009705	0.00020152	0.00016685	0.00007562	0.00003431	0.00007393	0.00005988	0.06332559	0.07262130	0.06271664	0.07380326	0.05776521	0.06927171	0.05784771	0.07030932	32489569.19852941	0.14606182	0.16240409	0.17046819	32489565.42647059	0.13160519	0.14833759	0.15366146			
44	ahlehktrowmaegnahtiyzahm (w:electromagnetism)	AH.L.EH.K.T.R.OW.M.AE.G.N.AH.T.IY.Z.AH.M	AH0.L.EH2.K.T.R.OW0.M.AE1.G.N.AH0.T.IY0.Z.AH0.M	7	17	0	0	0	0	0	0	0	0	0.00442288	0.00365596	0.00422744	0.00375359	0.00375642	0.00200285	0.00341785	0.00277856	0.00026498	0.00011454	0.00024576	0.00019814	0.00015465	0.00005099	0.00013599	0.00009833	0.06609854	0.09050103	0.07231412	0.09243831	0.06379408	0.08822578	0.07011141	0.09013214	64979109.88970588	0.12761715	0.14450128	0.14885954	64979141.88970588	0.12761715	0.14450128	0.14885954			
45	ahlehktrowmaegnahvihzahm (w:electromagnetism)	AH.L.EH.K.T.R.OW.M.AE.G.N.AH.V.IH.Z.AH.M	AH0.L.EH2.K.T.R.OW0.M.AE1.G.N.AH0.V.IH2.Z.AH0.M	7	17	0	0	0	0	0	0	0	0	0.00396230	0.00298169	0.00376872	0.00340643	0.00305728	0.00170564	0.00274634	0.00226769	0.00021425	0.00006832	0.00018144	0.00013634	0.00009385	0.00001785	0.00006359	0.00003616	0.05983419	0.06553210	0.05913887	0.06710254	0.05427381	0.06218252	0.05426994	0.06360860	64979123.08088236	0.14506481	0.16240409	0.16926771	64979163.54411764	0.13060818	0.14833759	0.15246098			
46	ahlehktrowmaegnahzihzahm (w:electromagnetism)	AH.L.EH.K.T.R.OW.M.AE.G.N.AH.Z.IH.Z.AH.M	AH0.L.EH2.K.T.R.OW0.M.AE1.G.N.AH0.Z.IH2.Z.AH0.M	7	17	0	0	0	0	0	0	0	0	0.00404921	0.00285482	0.00383588	0.00342980	0.00313240	0.00164869	0.00284322	0.00236960	0.00022311	0.00006268	0.00018082	0.00012858	0.00009220	0.00001547	0.00005907	0.00003201	0.06519634	0.06869093	0.06367228	0.07041324	0.05963595	0.06534134	0.05880335	0.06691930	64979137.19852942	0.14506481	0.16240409	0.16926771	64979136.25000000	0.13060818	0.14833759	0.15246098			
47	ahlehktrowmaegnihtihzahm (w:electromagnetism)	AH.L.EH.K.T.R.OW.M.AE.G.N.IH.T.IH.Z.AH.M	AH0.L.EH2.K.T.R.OW0.M.AE1.G.N.IH0.T.IH2.Z.AH0.M	7	17	0	0	0	0	0	0	0	0	0.00461670	0.00410863	0.00431317	0.00389487	0.00301002	0.00196648	0.00272478	0.00232774	0.00022435	0.00007367	0.00018823	0.00014193	0.00009173	0.00001555	0.00006051	0.00003231	0.06269414	0.06347860	0.05926965	0.06587201	0.05696693	0.06011002	0.05436075	0.06235784	64979147.53676470	0.12761715	0.14450128	0.14885954	64979103.29411764	0.11316052	0.13043478	0.13205282			
48	ahlehktrowmaegniytihzahm (w:electromagnetism)	AH.L.EH.K.T.R.OW.M.AE.G.N.IY.T.IH.Z.AH.M	AH0.L.EH2.K.T.R.OW0.M.AE1.G.N.IY0.T.IH2.Z.AH0.M	7	17	0	0	0	0	0	0	0	0	0.00430531	0.00342029	0.00406817	0.00373228	0.00273557	0.00143051	0.00249380	0.00217312	0.00020234	0.00007746	0.00017042	0.00013557	0.00008338	0.00002744	0.00005228	0.00003528	0.06536339	0.06780613	0.06204793	0.07037534	0.05973628	0.06443042	0.05713046	0.06684961	32489572.01470588	0.13160519	0.14833759	0.15366146	32489593.65441177	0.11714856	0.13427110	0.13685474			
49	ahlehktrowmaegnoytihzahm (w:electromagnetism)	AH.L.EH.K.T.R.OW.M.AE.G.N.OY.T.IH.Z.AH.M	AH0.L.EH2.K.T.R.OW0.M.AE1.G.N.OY2.T.IH2.Z.AH0.M	7	17	0	0	0	0	0	0	0	0	0.00408433	0.00308797	0.00378711	0.00333605	0.00261057	0.00124078	0.00234518	0.00195940	0.00019428	0.00005500	0.00015636	0.00011235	0.00008279	0.00001231	0.00005017	0.00002601	0.05895720	0.06133442	0.05621441	0.06356473	0.05339682	0.05798484	0.05134547	0.06007078	64979113.65441176	0.12761715	0.14450128	0.14885954	64979172.94117648	0.11316052	0.13043478	0.13205282			
50	ahlehktrowmaegshahtihzahm (w:electromagnetism)	AH.L.EH.K.T.R.OW.M.AE.G.SH.AH.T.IH.Z.AH.M	AH0.L.EH2.K.T.R.OW0.M.AE1.G.SH.AH0.T.IH2.Z.AH0.M	7	17	0	0	0	0	0	0	0	0	0.00499017	0.00411611	0.00465395	0.00404616	0.00350903	0.00183012	0.00317562	0.00257622	0.00022753	0.00006720	0.00018280	0.00013581	0.00008397	0.00001252	0.00005069	0.00002692	0.05931305	0.06721017	0.05649297	0.06828626	0.05375267	0.06386058	0.05162404	0.06479231	64979114.59558824	0.14207378	0.15856777	0.16566627	64979175.76470588	0.12761715	0.14450128	0.14885954			
51	ahlehktrowmaegzahtihzahm (w:electromagnetism)	AH.L.EH.K.T.R.OW.M.AE.G.Z.AH.T.IH.Z.AH.M	AH0.L.EH2.K.T.R.OW0.M.AE1.G.Z.AH0.T.IH2.Z.AH0.M	7	17	0	0	0	0	0	0	0	0	0.00473679	0.00407159	0.00443066	0.00390968	0.00325054	0.00179410	0.00295247	0.00244603	0.00023423	0.00006694	0.00019042	0.00014055	0.00009161	0.00001679	0.00006076	0.00003726	0.06260955	0.06763564	0.05901766	0.06918354	0.05704917	0.06428605	0.05414873	0.06568959	64979147.53676470	0.14207378	0.15856777	0.16566627	64979174.82352942	0.12761715	0.14450128	0.14885954			
52	ahlehktrowmaelnahtihzahm (w:electromagnetism)	AH.L.EH.K.T.R.OW.M.AE.L.N.AH.T.IH.Z.AH.M	AH0.L.EH2.K.T.R.OW0.M.AE1.L.N.AH0.T.IH2.Z.AH0.M	7	17	0	0	0	0	0	0	0	0	0.00500821	0.00424812	0.00467754	0.00409412	0.00350277	0.00190418	0.00317133	0.00256946	0.00025533	0.00009876	0.00021436	0.00017237	0.00011090	0.00003228	0.00008024	0.00005861	0.06934546	0.07848061	0.06868152	0.07992204	0.06378508	0.07513081	0.06381217	0.07642793	32489577.67647059	0.15104686	0.16879795	0.17286915	32489595.55147059	0.13659023	0.15473146	0.15606242			
53	ahlehktrowmaengnahtihzahm (w:electromagnetism)	AH.L.EH.K.T.R.OW.M.AE.NG.N.AH.T.IH.Z.AH.M	AH0.L.EH2.K.T.R.OW0.M.AE1.NG.N.AH0.T.IH2.Z.AH0.M	7	17	0	0	0	0	0	0	0	0	0.00494166	0.00428424	0.00464213	0.00411015	0.00345531	0.00194115	0.00314672	0.00259086	0.00024819	0.00009822	0.00021101	0.00017117	0.00010655	0.00003196	0.00007830	0.00005789	0.06719769	0.07467712	0.06560390	0.07600653	0.06163731	0.07132747	0.06073480	0.07251254	64979163.55147060	0.14506481	0.16240409	0.16926771	64979179.54411764	0.13060818	0.14833759	0.15246098			
54	ahlehktrowmaennahtihzahm (w:electromagnetism)	AH.L.EH.K.T.R.OW.M.AE.N.N.AH.T.IH.Z.AH.M	AH0.L.EH2.K.T.R.OW0.M.AE1.N.N.AH0.T.IH2.Z.AH0.M	7	17	0	0	0	0	0	0	0	0	0.00533027	0.00502284	0.00503191	0.00447699	0.00375359	0.00263474	0.00348310	0.00293867	0.00027497	0.00013795	0.00023967	0.00019617	0.00012501	0.00006876	0.00009953	0.00008019	0.07094949	0.08209977	0.07127783	0.08277045	0.06538911	0.07874984	0.06640826	0.07927626	32489573.92647059	0.18793619	0.20332481	0.21248499	32489597.44852941	0.17347956	0.18925831	0.19567827			
55	ahlehktrowmaeshnahtihzahm (w:electromagnetism)	AH.L.EH.K.T.R.OW.M.AE.SH.N.AH.T.IH.Z.AH.M	AH0.L.EH2.K.T.R.OW0.M.AE1.SH.N.AH0.T.IH2.Z.AH0.M	7	17	0	0	0	0	0	0	0	0	0.00492498	0.00422485	0.00460681	0.00406220	0.00343653	0.00188510	0.00311248	0.00254280	0.00025477	0.00010071	0.00021781	0.00017640	0.00011255	0.00003435	0.00008513	0.00006317	0.06631865	0.07474223	0.06521235	0.07599094	0.06075826	0.07139258	0.06034328	0.07249695	64979164.49264706	0.14506481	0.16240409	0.16926771	64979191.77941176	0.13060818	0.14833759	0.15246098			
56	ahlehktrowmaesnahtihzahm (w:electromagnetism)	AH.L.EH.K.T.R.OW.M.AE.S.N.AH.T.IH.Z.AH.M	AH0.L.EH2.K.T.R.OW0.M.AE1.S.N.AH0.T.IH2.Z.AH0.M	7	17	0	0	0	0	0	0	0	0	0.00509164	0.00432460	0.00476824	0.00422500	0.00357426	0.00197793	0.00326083	0.00270273	0.00026305	0.00010302	0.00022404	0.00017993	0.00011678	0.00003616	0.00008874	0.00006573	0.06942702	0.07791368	0.06766710	0.07900601	0.06386664	0.07456391	0.06279782	0.07551193	64979143.78676470	0.14506481	0.16240409	0.16926771	64979132.48529412	0.13060818	0.14833759	0.15246098			
57	ahlehktrowmaetnahtihzahm (w:electromagnetism)	AH.L.EH.K.T.R.OW.M.AE.T.N.AH.T.IH.Z.AH.M	AH0.L.EH2.K.T.R.OW0.M.AE1.T.N.AH0.T.IH2.Z.AH0.M	7	17	0	0	0	0	0	0	0	0	0.00501772	0.00469291	0.00470770	0.00416211	0.00351408	0.00232978	0.00320342	0.00264013	0.00026362	0.00010923	0.00022596	0.00018637	0.00012031	0.00004238	0.00009203	0.00007280	0.07080450	0.08028575	0.07052062	0.08162003	0.06524411	0.07693588	0.06565112	0.07812587	64979165.43382354	0.14506481	0.16240409	0.16926771	64979185.19117648	0.13060818	0.14833759	0.15246098			
58	ahlehktrowmaeznahtihzahm (w:electromagnetism)	AH.L.EH.K.T.R.OW.M.AE.Z.N.AH.T.IH.Z.AH.M	AH0.L.EH2.K.T.R.OW0.M.AE1.Z.N.AH0.T.IH2.Z.AH0.M	7	17	0	0	0	0	0	0	0	0	0.00488831	0.00430630	0.00458296	0.00407627	0.00340261	0.00196289	0.00308865	0.00255738	0.00024796	0.00010406	0.00021279	0.00017745	0.00010631	0.00003761	0.00008013	0.00006427	0.06938171	0.07589441	0.06726349	0.07724566	0.06382133	0.07254472	0.06239425	0.07375163	64979158.84558824	0.14506481	0.16240409	0.16926771	64979172.01470588	0.13060818	0.14833759	0.15246098			
59	ahlehktrowmahgnahtihzahm (w:electromagnetism)	AH.L.EH.K.T.R.OW.M.AH.G.N.AH.T.IH.Z.AH.M	AH0.L.EH2.K.T.R.OW0.M.AH0.G.N.AH0.T.IH2.Z.AH0.M	7	17	0	0	0	0	0	0	0	0	0.00528895	0.00440338	0.00494888	0.00436172	0.00378307	0.00196686	0.00340362	0.00275671	0.00026373	0.00010624	0.00022828	0.00018525	0.00011466	0.00003497	0.00008748	0.00006394	0.07244599	0.08084274	0.07194363	0.08257816	0.06684781	0.07750633	0.06709227	0.07908557	32489580.50000000	0.15104686	0.16879795	0.17286915	32489534.37500000	0.13659023	0.15473146	0.15606242			
60	ahlehktrowmehgnahtihzahm (w:electromagnetism)	AH.L.EH.K.T.R.OW.M.EH.G.N.AH.T.IH.Z.AH.M	AH0.L.EH2.K.T.R.OW0.M.EH2.G.N.AH0.T.IH2.Z.AH0.M	7	17	0	0	0	0	0	0	0	0	0.00493798	0.00422870	0.00462212	0.00412239	0.00335232	0.00179347	0.00300371	0.00244109	0.00025431	0.00010129	0.00021772	0.00017548	0.00010996	0.00003356	0.00008239	0.00006032	0.06501353	0.07314866	0.06368854	0.07441694	0.05926760	0.06975032	0.05873837	0.07085876	32489582.38970588	0.16251246	0.18030690	0.18967587	32489587.08823530	0.14805583	0.16624041	0.17286915			
61	ahlehktrowmihgnahtihzahm (w:electromagnetism)	AH.L.EH.K.T.R.OW.M.IH.G.N.AH.T.IH.Z.AH.M	AH0.L.EH2.K.T.R.OW0.M.IH0.G.N.AH0.T.IH2.Z.AH0.M	7	17	0	0	0	0	0	0	0	0	0.00509338	0.00432412	0.00476765	0.00424799	0.00350176	0.00184913	0.00313645	0.00255671	0.00026101	0.00010265	0.00022450	0.00017989	0.00011337	0.00003455	0.00008634	0.00006299	0.06950906	0.07588178	0.06737677	0.07741907	0.06365670	0.07205785	0.06228413	0.07353285	64979148.49264706	0.14506481	0.16240409	0.16926771	64979105.19117648	0.13060818	0.14833759	0.15246098			
62	ahlehktrowmiygnahtihzahm (w:electromagnetism)	AH.L.EH.K.T.R.OW.M.IY.G.N.AH.T.IH.Z.AH.M	AH0.L.EH2.K.T.R.OW0.M.IY0.G.N.AH0.T.IH2.Z.AH0.M	7	17	0	0	0	0	0	0	0	0	0.00485727	0.00442653	0.00454960	0.00404973	0.00336403	0.00180637	0.00302675	0.00245761	0.00025227	0.00010025	0.00021638	0.00017408	0.00010925	0.00003354	0.00008222	0.00006027	0.06779143	0.07849640	0.06738520	0.07953816	0.06223077	0.07516616	0.06254766	0.07605618	64979123.08088236	0.14506481	0.16240409	0.16926771	64979163.54411764	0.13060818	0.14833759	0.15246098			
63	ahlehktrowmuwgnahtihzahm (w:electromagnetism)	AH.L.EH.K.T.R.OW.M.UW.G.N.AH.T.IH.Z.AH.M	AH0.L.EH2.K.T.R.OW0.M.UW0.G.N.AH0.T.IH2.Z.AH0.M	7	17	0	0	0	0	0	0	0	0	0.00478937	0.00414634	0.00448127	0.00398306	0.00332183	0.00179036	0.00298536	0.00243279	0.00025011	0.00009977	0.00021429	0.00017336	0.00010925	0.00003354	0.00008222	0.00006027	0.06481738	0.07310760	0.06360234	0.07437841	0.05923049	0.06974636	0.05873182	0.07085756	32489578.61764706	0.17048854	0.18542199	0.19207683	64979072.25000000	0.13060818	0.14833759	0.15246098			
64	ahlehktrownaardiyahgraem (w:electrocardiogram)	AH.L.EH.K.T.R.OW.N.AA.R.D.IY.AH.G.R.AE.M	AH0.L.EH2.K.T.R.OW0.N.AA1.R.D.IY0.AH0.G.R.AE2.M	7	17	0	0	0	0	0	0	0	0	0.00407385	0.00240520	0.00393837	0.00353521	0.00297549	0.00162267	0.00279816	0.00250409	0.00023377	0.00009554	0.00022108	0.00018068	0.00009632	0.00003558	0.00008853	0.00007095	0.05700765	0.04718852	0.04901091	0.04836922	0.05471044	0.04492860	0.04683422	0.04606671	64979147.48529412	0.09770688	0.10358056	0.11044418	64979099.48529412	0.09770688	0.10358056	0.11044418			
65	ahlehktrownaegnahtihzahm (w:electromagnetism)	AH.L.EH.K.T.R.OW.N.AE.G.N.AH.T.IH.Z.AH.M	AH0.L.EH2.K.T.R.OW0.N.AE1.G.N.AH0.T.IH2.Z.AH0.M	7	17	0	0	0	0	0	0	0	0	0.00492711	0.00419210	0.00459700	0.00405715	0.00341311	0.00181054	0.00306332	0.00247915	0.00025613	0.00010041	0.00021862	0.00017524	0.00011066	0.00003308	0.00008268	0.00005910	0.06908546	0.08081781	0.06880646	0.08076082	0.06352484	0.07746820	0.06393746	0.07726684	64979151.30147060	0.12761715	0.14450128	0.14885954	64979130.58823530	0.11316052	0.13043478	0.13205282			
66	ahlehktrowshaardiyahgraem (w:electrocardiogram)	AH.L.EH.K.T.R.OW.SH.AA.R.D.IY.AH.G.R.AE.M	AH0.L.EH2.K.T.R.OW0.SH.AA1.R.D.IY0.AH0.G.R.AE2.M	7	17	0	0	0	0	0	0	0	0	0.00395706	0.00219655	0.00383897	0.00343032	0.00293429	0.00149482	0.00277441	0.00248484	0.00022776	0.00009438	0.00021539	0.00017797	0.00009679	0.00003648	0.00009018	0.00007242	0.05313271	0.04040021	0.04447061	0.04291805	0.05083571	0.03814032	0.04229397	0.04061557	64979154.07352942	0.09770688	0.10358056	0.11044418	64979115.48529412	0.09770688	0.10358056	0.11044418			
67	ahlehktrowshaegnahtihzahm (w:electromagnetism)	AH.L.EH.K.T.R.OW.SH.AE.G.N.AH.T.IH.Z.AH.M	AH0.L.EH2.K.T.R.OW0.SH.AE1.G.N.AH0.T.IH2.Z.AH0.M	7	17	0	0	0	0	0	0	0	0	0.00481498	0.00411463	0.00449422	0.00395824	0.00336605	0.00180781	0.00303532	0.00246636	0.00025034	0.00009870	0.00021296	0.00017157	0.00010984	0.00003311	0.00008275	0.00005903	0.06521052	0.07402951	0.06426615	0.07530964	0.05965011	0.07067992	0.05939721	0.07181569	64979120.24264706	0.12761715	0.14450128	0.14885954	64979113.64705882	0.11316052	0.13043478	0.13205282			
68	ahlehktrowtaardiyahgraem (w:electrocardiogram)	AH.L.EH.K.T.R.OW.T.AA.R.D.IY.AH.G.R.AE.M	AH0.L.EH2.K.T.R.OW0.T.AA1.R.D.IY0.AH0.G.R.AE2.M	7	17	0	0	0	0	0	0	0	0	0.00407055	0.00227191	0.00394619	0.00354626	0.00299871	0.00153971	0.00282834	0.00254807	0.00024342	0.00011178	0.00023401	0.00020549	0.00010643	0.00005067	0.00010305	0.00009499	0.05780319	0.04501183	0.04908801	0.04748581	0.05550593	0.04275192	0.04691132	0.04518331	64979150.30882354	0.09770688	0.10358056	0.11044418	64979127.72058824	0.09770688	0.10358056	0.11044418			
69	ahlehktrowtaegnahtihzahm (w:electromagnetism)	AH.L.EH.K.T.R.OW.T.AE.G.N.AH.T.IH.Z.AH.M	AH0.L.EH2.K.T.R.OW0.T.AE1.G.N.AH0.T.IH2.Z.AH0.M	7	17	0	0	0	0	0	0	0	0	0.00496417	0.00418273	0.00463681	0.00408691	0.00345329	0.00184278	0.00311453	0.00253509	0.00026067	0.00010176	0.00022033	0.00017780	0.00011478	0.00003349	0.00008455	0.00006009	0.06988100	0.07864112	0.06888356	0.07987740	0.06432033	0.07529152	0.06401456	0.07638343	64979164.47794118	0.12761715	0.14450128	0.14885954	64979118.35294118	0.11316052	0.13043478	0.13205282			
70	ahlehktrowzaardiyahgraem (w:electrocardiogram)	AH.L.EH.K.T.R.OW.Z.AA.R.D.IY.AH.G.R.AE.M	AH0.L.EH2.K.T.R.OW0.Z.AA1.R.D.IY0.AH0.G.R.AE2.M	7	17	0	0	0	0	0	0	0	0	0.00400052	0.00224840	0.00389049	0.00350502	0.00295348	0.00148625	0.00277702	0.00247122	0.00023196	0.00009609	0.00022099	0.00018108	0.00009726	0.00003572	0.00008921	0.00007164	0.05636791	0.04231878	0.04691927	0.04498075	0.05407073	0.04005889	0.04474261	0.04267826	64979155.95588236	0.09770688	0.10358056	0.11044418	64979129.60294118	0.09770688	0.10358056	0.11044418			
71	ahlehktrowzaegnahtihzahm (w:electromagnetism)	AH.L.EH.K.T.R.OW.Z.AE.G.N.AH.T.IH.Z.AH.M	AH0.L.EH2.K.T.R.OW0.Z.AE1.G.N.AH0.T.IH2.Z.AH0.M	7	17	0	0	0	0	0	0	0	0	0.00486755	0.00418062	0.00456122	0.00405895	0.00339049	0.00181275	0.00305123	0.00247916	0.00025681	0.00010138	0.00022033	0.00017597	0.00011231	0.00003338	0.00008390	0.00005970	0.06844572	0.07594808	0.06671482	0.07737235	0.06288513	0.07259848	0.06184585	0.07387839	64979169.18382354	0.12761715	0.14450128	0.14885954	64979128.70588236	0.11316052	0.13043478	0.13205282			
72	ahlehktruhkaardiyahgraem (w:electrocardiogram)	AH.L.EH.K.T.R.UH.K.AA.R.D.IY.AH.G.R.AE.M	AH0.L.EH2.K.T.R.UH2.K.AA1.R.D.IY0.AH0.G.R.AE2.M	7	17	0	0	0	0	0	0	0	0	0.00397995	0.00231628	0.00387441	0.00350419	0.00301830	0.00157363	0.00288790	0.00258955	0.00023604	0.00010426	0.00022332	0.00018480	0.00010408	0.00004852	0.00010045	0.00008394	0.05285212	0.03975384	0.04402508	0.04239498	0.05082319	0.03758262	0.04203525	0.04015873	64979160.65441176	0.09471585	0.09974424	0.10684273	64979129.59558824	0.09471585	0.09974424	0.10684273			
73	ahlehktruhmaegnahtihzahm (w:electromagnetism)	AH.L.EH.K.T.R.UH.M.AE.G.N.AH.T.IH.Z.AH.M	AH0.L.EH2.K.T.R.UH2.M.AE1.G.N.AH0.T.IH2.Z.AH0.M	7	17	0	0	0	0	0	0	0	0	0.00474377	0.00414259	0.00442188	0.00391085	0.00338504	0.00187816	0.00307793	0.00252244	0.00024240	0.00009543	0.00020525	0.00016447	0.00010655	0.00003323	0.00008113	0.00005785	0.06430345	0.07285499	0.06315884	0.07414475	0.05901114	0.06959408	0.05847671	0.07071703	64979170.13235294	0.14107677	0.15856777	0.16446579	64979122.12500000	0.12662014	0.14450128	0.14765906			
74	ahlehktruwkaardiyahgraem (w:electrocardiogram)	AH.L.EH.K.T.R.UW.K.AA.R.D.IY.AH.G.R.AE.M	AH0.L.EH2.K.T.R.UW2.K.AA1.R.D.IY0.AH0.G.R.AE2.M	7	17	0	0	0	0	0	0	0	0	0.00406415	0.00230080	0.00396310	0.00355290	0.00302557	0.00157663	0.00289482	0.00259666	0.00024194	0.00011297	0.00022950	0.00019713	0.00010490	0.00004872	0.00010137	0.00008437	0.05319953	0.04001789	0.04434024	0.04269863	0.05094573	0.03768561	0.04216190	0.04027367	64979175.71323530	0.09471585	0.09974424	0.10684273	64979169.12500000	0.09471585	0.09974424	0.10684273			
75	ahlehktruwmaegnahtihzahm (w:electromagnetism)	AH.L.EH.K.T.R.UW.M.AE.G.N.AH.T.IH.Z.AH.M	AH0.L.EH2.K.T.R.UW2.M.AE1.G.N.AH0.T.IH2.Z.AH0.M	7	17	0	0	0	0	0	0	0	0	0.00490015	0.00424112	0.00459421	0.00408272	0.00340967	0.00188537	0.00310042	0.00253988	0.00025919	0.00011644	0.00022627	0.00019299	0.00011184	0.00003574	0.00008738	0.00006311	0.06465086	0.07311904	0.06347400	0.07444839	0.05913368	0.06969707	0.05860336	0.07083197	64979152.25000000	0.14107677	0.15856777	0.16446579	64979131.53676470	0.12662014	0.14450128	0.14765906			
76	ahlehktshowkaardiyahgraem (w:electrocardiogram)	AH.L.EH.K.T.SH.OW.K.AA.R.D.IY.AH.G.R.AE.M	AH0.L.EH2.K.T.SH.OW0.K.AA1.R.D.IY0.AH0.G.R.AE2.M	7	17	0	0	0	0	0	0	0	0	0.00361986	0.00215158	0.00352202	0.00317105	0.00261198	0.00140857	0.00249440	0.00224263	0.00022889	0.00010160	0.00021433	0.00017989	0.00009726	0.00004670	0.00009392	0.00008024	0.05226817	0.03939143	0.04367437	0.04195476	0.04997196	0.03713410	0.04149962	0.03965453	64979146.52941176	0.08873380	0.09335038	0.10324129	64979105.11764706	0.08873380	0.09335038	0.10324129			
77	ahlehktshowmaegnahtihzahm (w:electromagnetism)	AH.L.EH.K.T.SH.OW.M.AE.G.N.AH.T.IH.Z.AH.M	AH0.L.EH2.K.T.SH.OW0.M.AE1.G.N.AH0.T.IH2.Z.AH0.M	7	17	0	0	0	0	0	0	0	0	0.00439009	0.00400588	0.00408394	0.00361681	0.00298155	0.00171464	0.00269191	0.00217947	0.00023740	0.00009471	0.00020164	0.00016337	0.00010067	0.00003246	0.00007685	0.00005655	0.06371949	0.07249259	0.06280813	0.07370453	0.05815991	0.06914556	0.05794108	0.07021282	64979119.30147060	0.13509472	0.15217391	0.16086435	64979110.82352942	0.12063809	0.13810742	0.14405762			
78	ahleyktrowkaardiyahgraem (w:electrocardiogram)	AH.L.EY.K.T.R.OW.K.AA.R.D.IY.AH.G.R.AE.M	AH0.L.EY1.K.T.R.OW0.K.AA1.R.D.IY0.AH0.G.R.AE2.M	7	17	0	0	0	0	0	0	0	0	0.00402593	0.00238342	0.00393694	0.00358492	0.00317683	0.00179470	0.00309178	0.00288252	0.00019474	0.00008511	0.00017305	0.00014344	0.00011901	0.00005129	0.00010988	0.00008974	0.05275693	0.03965248	0.04395969	0.04207585	0.05184154	0.03870129	0.04323725	0.04136396	64979121.12500000	0.09471585	0.09974424	0.10684273	64979114.53676470	0.09471585	0.09974424	0.10684273			
79	ahleyktrowmaegnahtihzahm (w:electromagnetism)	AH.L.EY.K.T.R.OW.M.AE.G.N.AH.T.IH.Z.AH.M	AH0.L.EY1.K.T.R.OW0.M.AE1.G.N.AH0.T.IH2.Z.AH0.M	7	17	0	0	0	0	0	0	0	0	0.00479616	0.00423772	0.00449885	0.00403068	0.00354639	0.00210077	0.00328928	0.00281936	0.00020234	0.00007675	0.00016152	0.00012354	0.00012219	0.00003797	0.00009441	0.00006788	0.06420825	0.07275363	0.06309346	0.07382562	0.06002948	0.07071275	0.05967871	0.07192226	64979160.72058824	0.14107677	0.15856777	0.16446579	64979121.18382354	0.12662014	0.14450128	0.14765906			
80	ahvehktrowkaardiyahgraem (w:electrocardiogram)	AH.V.EH.K.T.R.OW.K.AA.R.D.IY.AH.G.R.AE.M	AH0.V.EH2.K.T.R.OW0.K.AA1.R.D.IY0.AH0.G.R.AE2.M	7	17	0	0	0	0	0	0	0	0	0.00307508	0.00215294	0.00309913	0.00285074	0.00203906	0.00140811	0.00202048	0.00187411	0.00022027	0.00010536	0.00020916	0.00018446	0.00010866	0.00004929	0.00010281	0.00008580	0.05122224	0.03982350	0.04221864	0.04095704	0.04893122	0.03756991	0.04005368	0.03867175	64979147.47794118	0.09471585	0.09974424	0.10684273	64979099.47794118	0.09471585	0.09974424	0.10684273			
81	ahvehktrowmaegnahtihzahm (w:electromagnetism)	AH.V.EH.K.T.R.OW.M.AE.G.N.AH.T.IH.Z.AH.M	AH0.V.EH2.K.T.R.OW0.M.AE1.G.N.AH0.T.IH2.Z.AH0.M	7	17	0	0	0	0	0	0	0	0	0.00384531	0.00400724	0.00366104	0.00329650	0.00240862	0.00171418	0.00221798	0.00181095	0.00022787	0.00009701	0.00019764	0.00016456	0.00011184	0.00003597	0.00008734	0.00006394	0.06267357	0.07292466	0.06135240	0.07270681	0.05711917	0.06958136	0.05649514	0.06923005	64979151.30882354	0.14107677	0.15856777	0.16446579	64979130.59558824	0.12662014	0.14450128	0.14765906			
82	aolehktrowkaardiyahgraem (w:electrocardiogram)	AO.L.EH.K.T.R.OW.K.AA.R.D.IY.AH.G.R.AE.M	AO0.L.EH2.K.T.R.OW0.K.AA1.R.D.IY0.AH0.G.R.AE2.M	7	17	1	0.08	0.03	4	1	0.08	0.03	4	0.00314842	0.00212183	0.00319451	0.00299964	0.00199766	0.00113072	0.00197868	0.00184158	0.00023979	0.00010937	0.00022507	0.00019378	0.00011184	0.00004972	0.00010484	0.00008682	0.05116241	0.03672370	0.04256207	0.04078825	0.04899016	0.03413070	0.04029785	0.03830854	32489575.72794118	0.10169492	0.10741688	0.11524610	32489581.37500000	0.10169492	0.10741688	0.11524610			
83	aolehktrowmaegnahtihzahm (w:electromagnetism)	AO.L.EH.K.T.R.OW.M.AE.G.N.AH.T.IH.Z.AH.M	AO0.L.EH2.K.T.R.OW0.M.AE1.G.N.AH0.T.IH2.Z.AH0.M	7	17	1	0.06	0.03	3	1	0.06	0.03	3	0.00391864	0.00397612	0.00375643	0.00344540	0.00236722	0.00143679	0.00217619	0.00177842	0.00024739	0.00010101	0.00021355	0.00017389	0.00011502	0.00003640	0.00008938	0.00006497	0.06261373	0.06982485	0.06169583	0.07253801	0.05717811	0.06614216	0.05673932	0.06886684	32489541.91176471	0.14805583	0.16624041	0.17286915	32489579.55147059	0.13359920	0.15217391	0.15606242			
84	aylehktrowkaardiyahgraem (w:electrocardiogram)	AY.L.EH.K.T.R.OW.K.AA.R.D.IY.AH.G.R.AE.M	AY0.L.EH2.K.T.R.OW0.K.AA1.R.D.IY0.AH0.G.R.AE2.M	7	17	1	0.08	0.03	4	1	0.08	0.03	4	0.00312242	0.00191759	0.00315449	0.00289459	0.00199968	0.00112292	0.00197666	0.00183016	0.00023990	0.00010937	0.00022509	0.00019379	0.00011184	0.00004972	0.00010484	0.00008682	0.05097674	0.03801515	0.04227450	0.04035112	0.04900608	0.03413666	0.04031232	0.03832650	32489571.96323530	0.10169492	0.10741688	0.11524610	32489593.61029412	0.10169492	0.10741688	0.11524610			
85	aylehktrowmaegnahtihzahm (w:electromagnetism)	AY.L.EH.K.T.R.OW.M.AE.G.N.AH.T.IH.Z.AH.M	AY0.L.EH2.K.T.R.OW0.M.AE1.G.N.AH0.T.IH2.Z.AH0.M	7	17	1	0.06	0.03	3	1	0.06	0.03	3	0.00389264	0.00377189	0.00371640	0.00334035	0.00236924	0.00142899	0.00217416	0.00176700	0.00024750	0.00010101	0.00021356	0.00017389	0.00011502	0.00003640	0.00008938	0.00006497	0.06242806	0.07111631	0.06140826	0.07210089	0.05719403	0.06614812	0.05675378	0.06888479	32489586.14705882	0.14805583	0.16624041	0.17286915	32489584.25735294	0.13359920	0.15217391	0.15606242			
86	dahkehntrahlahzeyshahn (w:decentralization)	D.AH.K.EH.N.T.R.AH.L.AH.Z.EY.SH.AH.N	D.AH0.K.EH2.N.T.R.AH0.L.AH0.Z.EY1.SH.AH0.N	6	15	0	0	0	0	0	0	0	0	0.00766800	0.00466986	0.00730496	0.00643844	0.00674849	0.00332692	0.00626507	0.00508281	0.00071035	0.00023515	0.00060454	0.00046295	0.00061090	0.00016907	0.00050214	0.00036186	0.06933797	0.06173286	0.06619529	0.06211923	0.06477898	0.05681273	0.06155001	0.05685872	0.12102564	0.07834774	0.08947761	0.08228380	0.11589744	0.07572791	0.08566345	0.07954457			
87	dahlehntrahlahzeyshahn (w:decentralization)	D.AH.L.EH.N.T.R.AH.L.AH.Z.EY.SH.AH.N	D.AH0.L.EH2.N.T.R.AH0.L.AH0.Z.EY1.SH.AH0.N	6	15	0	0	0	0	0	0	0	0	0.00877752	0.00521823	0.00825221	0.00721710	0.00781224	0.00380033	0.00718726	0.00585054	0.00074990	0.00024475	0.00063816	0.00048449	0.00063506	0.00017476	0.00052245	0.00037410	0.07018353	0.06188973	0.06716327	0.06271869	0.06562398	0.05696951	0.06251603	0.05745738	0.11692308	0.07587131	0.08592484	0.07958287	0.11179487	0.07325147	0.08211068	0.07684365			
88	dahmehntrahlahzeyshahn (w:decentralization)	D.AH.M.EH.N.T.R.AH.L.AH.Z.EY.SH.AH.N	D.AH0.M.EH2.N.T.R.AH0.L.AH0.Z.EY1.SH.AH0.N	6	15	0	0	0	0	0	0	0	0	0.00797465	0.00533112	0.00760323	0.00683556	0.00695321	0.00362578	0.00642958	0.00523549	0.00076338	0.00026583	0.00064547	0.00050820	0.00062013	0.00016997	0.00050590	0.00036103	0.06876258	0.06183678	0.06555554	0.06147145	0.06420396	0.05691659	0.06091155	0.05621181	0.11794872	0.07885428	0.08937312	0.08228380	0.11282051	0.07623445	0.08555896	0.07954457			
89	dahnehntrahlahzeyshahn (w:decentralization)	D.AH.N.EH.N.T.R.AH.L.AH.Z.EY.SH.AH.N	D.AH0.N.EH2.N.T.R.AH0.L.AH0.Z.EY1.SH.AH0.N	6	15	0	0	0	0	0	0	0	0	0.00937374	0.00629875	0.00898039	0.00806136	0.00836592	0.00457925	0.00783167	0.00643336	0.00074675	0.00026277	0.00064485	0.00050319	0.00064401	0.00018622	0.00053910	0.00039179	0.07164865	0.06520819	0.06865138	0.06484882	0.06708812	0.06028602	0.06400113	0.05958466	0.12410256	0.08391971	0.09470227	0.08748801	0.11897436	0.08129988	0.09088811	0.08474879			
