Indx	Word	UnTrn	StTrn	NSyll	NPhon	unsDENS	unsFDEN	unsLDEN	unsCDEN	strDENS	strFDEN	strLDEN	strCDEN	unsBPAV	unsFBPAV	unsLBPAV	unsCBPAV	strBPAV	strFBPAV	strLBPAV	strCBPAV	unsTPAV	unsFTPAV	unsLTPAV	unsCTPAV	strTPAV	strFTPAV	strLTPAV	strCTPAV	unsPOSPAV	unsFPOSPAV	unsLPOSPAV	unsCPOSPAV	strPOSPAV	strFPOSPAV	strLPOSPAV	strCPOSPAV	unsLCPOSPAV	unsFLCPOSPAV	unsLLCPOSPAV	unsCLCPOSPAV	strLCPOSPAV	strFLCPOSPAV	strLLCPOSPAV	strCLCPOSPAV			
1	ahTHaorahtehriyahlihzahm (w:authoritarianism)	AH.TH.AO.R.AH.T.EH.R.IY.AH.L.IH.Z.AH.M	AH0.TH.AO2.R.AH0.T.EH1.R.IY0.AH0.L.IH2.Z.AH0.M	8	15	1	0.02	0.01	1	1	0.02	0.01	1	0.00594673	0.00545793	0.00574605	0.00530523	0.00408995	0.00250684	0.00382914	0.00321716	0.00038182	0.00015237	0.00031523	0.00024250	0.00022037	0.00009908	0.00018201	0.00015164	0.06173383	0.05999931	0.06077602	0.05920432	0.05551317	0.05556177	0.05538691	0.05465853	0.10358975	0.06576086	0.06924843	0.06621626	0.09025641	0.05619413	0.05812938	0.05656254			
2	ahTHaorahtehriyahnihlahm (w:authoritarianism)	AH.TH.AO.R.AH.T.EH.R.IY.AH.N.IH.L.AH.M	AH0.TH.AO2.R.AH0.T.EH1.R.IY0.AH0.N.IH2.L.AH0.M	8	15	1	0.02	0.01	1	1	0.02	0.01	1	0.00674029	0.00651046	0.00675798	0.00640424	0.00490466	0.00333714	0.00470159	0.00391567	0.00036925	0.00016900	0.00033174	0.00026795	0.00021074	0.00011096	0.00019356	0.00016802	0.06296364	0.06036619	0.06454695	0.05978718	0.05674299	0.05592865	0.05915784	0.05524139	0.10358974	0.05676086	0.07017150	0.05593983	0.09025641	0.04719413	0.05905246	0.04628612			
3	ahTHaorahtehriyahnihnahm (w:authoritarianism)	AH.TH.AO.R.AH.T.EH.R.IY.AH.N.IH.N.AH.M	AH0.TH.AO2.R.AH0.T.EH1.R.IY0.AH0.N.IH2.N.AH0.M	8	15	1	0.02	0.01	1	1	0.02	0.01	1	0.00816733	0.00785991	0.00807485	0.00790110	0.00501798	0.00349499	0.00479758	0.00405791	0.00041168	0.00021981	0.00037459	0.00034082	0.00020761	0.00010629	0.00019320	0.00016351	0.06377997	0.07370888	0.06638510	0.07010225	0.05755931	0.06927134	0.06099599	0.06555646	0.10564103	0.05728864	0.07099202	0.05646016	0.09230769	0.04772191	0.05987297	0.04680644			
4	ahTHaorahtehriyahnihvahm (w:authoritarianism)	AH.TH.AO.R.AH.T.EH.R.IY.AH.N.IH.V.AH.M	AH0.TH.AO2.R.AH0.T.EH1.R.IY0.AH0.N.IH2.V.AH0.M	8	15	1	0.02	0.01	1	1	0.02	0.01	1	0.00634185	0.00620508	0.00634854	0.00605900	0.00459447	0.00328582	0.00446036	0.00379631	0.00033089	0.00015279	0.00029606	0.00024245	0.00018930	0.00010073	0.00017702	0.00015245	0.05715865	0.05585740	0.05775923	0.05468847	0.05093800	0.05141986	0.05237013	0.05014268	36821452.90153847	0.05534419	0.06812022	0.05431382	36821461.42153847	0.04577746	0.05700118	0.04466010			
5	ahTHaorahtehriyahnihzahz (w:authoritarianism)	AH.TH.AO.R.AH.T.EH.R.IY.AH.N.IH.Z.AH.Z	AH0.TH.AO2.R.AH0.T.EH1.R.IY0.AH0.N.IH2.Z.AH0.Z	8	15	1	0.02	0.01	1	1	0.02	0.01	1	0.00613941	0.00613407	0.00616997	0.00585052	0.00439644	0.00319315	0.00429881	0.00368123	0.00036454	0.00015863	0.00031681	0.00025451	0.00022173	0.00010351	0.00019342	0.00015968	0.06831512	0.07795719	0.07395555	0.07780924	0.06209446	0.07351966	0.06856644	0.07326345	0.10974359	0.07771287	0.08221716	0.07776155	0.09641026	0.06814614	0.07109812	0.06810783			
6	ahTHaorahtehriyahnihziym (w:authoritarianism)	AH.TH.AO.R.AH.T.EH.R.IY.AH.N.IH.Z.IY.M	AH0.TH.AO2.R.AH0.T.EH1.R.IY0.AH0.N.IH2.Z.IY0.M	8	15	1	0.02	0.01	1	1	0.02	0.01	1	0.00595205	0.00587053	0.00599385	0.00571050	0.00415988	0.00293159	0.00406324	0.00349252	0.00032735	0.00015218	0.00029228	0.00024008	0.00019418	0.00010084	0.00017846	0.00015270	0.06200574	0.07833949	0.07047837	0.07817787	0.05578508	0.07390195	0.06508926	0.07363207	0.08102564	0.05905521	0.05901967	0.06017262	0.06769231	0.04948848	0.04790062	0.05051890			
7	ahTHaorahtehriyahniyzahm (w:authoritarianism)	AH.TH.AO.R.AH.T.EH.R.IY.AH.N.IY.Z.AH.M	AH0.TH.AO2.R.AH0.T.EH1.R.IY0.AH0.N.IY0.Z.AH0.M	8	15	1	0.02	0.01	1	1	0.02	0.01	1	0.00618176	0.00636829	0.00628026	0.00610104	0.00485919	0.00349458	0.00472283	0.00407094	0.00032919	0.00018254	0.00030918	0.00026411	0.00022485	0.00010830	0.00020211	0.00016661	0.06626090	0.06434193	0.06604581	0.06354437	0.06412419	0.06230890	0.06406754	0.06157420	36821452.89435899	0.05309419	0.06483817	0.05197235	36821461.42153847	0.04577746	0.05700118	0.04466010			
8	ahTHaorahtehriyahnoyzahm (w:authoritarianism)	AH.TH.AO.R.AH.T.EH.R.IY.AH.N.OY.Z.AH.M	AH0.TH.AO2.R.AH0.T.EH1.R.IY0.AH0.N.OY2.Z.AH0.M	8	15	1	0.02	0.01	1	1	0.02	0.01	1	0.00583254	0.00598466	0.00590608	0.00566640	0.00457854	0.00328102	0.00444401	0.00378726	0.00029946	0.00014083	0.00027308	0.00021781	0.00021155	0.00010215	0.00018660	0.00015600	0.05900055	0.05700734	0.05943448	0.05582567	0.05693947	0.05500390	0.05751122	0.05389153	36821452.89435899	0.05309419	0.06483817	0.05197235	36821461.42153847	0.04577746	0.05700118	0.04466010			
9	ahTHaorahtehriyahshihzahm (w:authoritarianism)	AH.TH.AO.R.AH.T.EH.R.IY.AH.SH.IH.Z.AH.M	AH0.TH.AO2.R.AH0.T.EH1.R.IY0.AH0.SH.IH2.Z.AH0.M	8	15	1	0.02	0.01	1	1	0.02	0.01	1	0.00429419	0.00474338	0.00434970	0.00415745	0.00283764	0.00198684	0.00274477	0.00233371	0.00029174	0.00014057	0.00026730	0.00021903	0.00018767	0.00009626	0.00016636	0.00014527	0.05702154	0.05283281	0.05492195	0.05165036	0.05080088	0.04839527	0.04953284	0.04710457	0.10051282	0.04748308	0.06032535	0.04715935	0.08717949	0.03791635	0.04920631	0.03750563			
10	ahTHaorahtehriyahtihzahm (w:authoritarianism)	AH.TH.AO.R.AH.T.EH.R.IY.AH.T.IH.Z.AH.M	AH0.TH.AO2.R.AH0.T.EH1.R.IY0.AH0.T.IH2.Z.AH0.M	8	15	1	0.02	0.01	1	1	0.02	0.01	1	0.00552057	0.00661650	0.00545774	0.00511131	0.00333986	0.00251671	0.00322315	0.00269490	0.00033560	0.00015359	0.00030219	0.00024765	0.00020029	0.00010057	0.00017662	0.00015493	0.06263498	0.05725821	0.06084935	0.05641226	0.05641432	0.05282068	0.05546024	0.05186647	0.10769231	0.05692753	0.07047919	0.05496422	0.09435898	0.04736080	0.05936015	0.04531051			
11	ahTHaorahtehriyahzihzahm (w:authoritarianism)	AH.TH.AO.R.AH.T.EH.R.IY.AH.Z.IH.Z.AH.M	AH0.TH.AO2.R.AH0.T.EH1.R.IY0.AH0.Z.IH2.Z.AH0.M	8	15	1	0.02	0.01	1	1	0.02	0.01	1	0.00448754	0.00504212	0.00454875	0.00437219	0.00296297	0.00223873	0.00288929	0.00248148	0.00030824	0.00014543	0.00028049	0.00023000	0.00018916	0.00009640	0.00016680	0.00014565	0.06075758	0.05331501	0.05778326	0.05266728	0.05453692	0.04887747	0.05239415	0.04812149	0.09948718	0.04656642	0.05899202	0.04605366	0.08615385	0.03699969	0.04787297	0.03639994			
12	ahTHaorahtehriyeynihzahm (w:authoritarianism)	AH.TH.AO.R.AH.T.EH.R.IY.EY.N.IH.Z.AH.M	AH0.TH.AO2.R.AH0.T.EH1.R.IY0.EY2.N.IH2.Z.AH0.M	8	15	1	0.02	0.01	1	1	0.02	0.01	1	0.00443787	0.00488162	0.00454887	0.00440644	0.00263454	0.00194070	0.00258335	0.00222852	0.00024538	0.00012594	0.00023188	0.00019066	0.00014886	0.00008281	0.00013286	0.00011764	0.05527601	0.05161825	0.05456325	0.05056572	0.04839803	0.04586608	0.04856317	0.04488373	0.08923077	0.04978864	0.06012022	0.04846016	36821535.00820514	0.04011080	0.04879605	0.03867636			
13	ahTHaorahtehriyihnihzahm (w:authoritarianism)	AH.TH.AO.R.AH.T.EH.R.IY.IH.N.IH.Z.AH.M	AH0.TH.AO2.R.AH0.T.EH1.R.IY0.IH0.N.IH2.Z.AH0.M	8	15	1	0.02	0.01	1	1	0.02	0.01	1	0.00599706	0.00631248	0.00597374	0.00597838	0.00402925	0.00301934	0.00386393	0.00359112	0.00027707	0.00014722	0.00025548	0.00022383	0.00015822	0.00008552	0.00014046	0.00012421	0.05879884	0.05304985	0.05717052	0.05241109	0.05231114	0.04803380	0.05152862	0.04729341	0.09230769	0.06912197	0.07047920	0.06881788	0.07794872	0.04113858	0.05033451	0.03971701			
14	ahTHaorahtehruwahnihzahm (w:authoritarianism)	AH.TH.AO.R.AH.T.EH.R.UW.AH.N.IH.Z.AH.M	AH0.TH.AO2.R.AH0.T.EH1.R.UW0.AH0.N.IH2.Z.AH0.M	8	15	1	0.02	0.01	1	1	0.02	0.01	1	0.00560283	0.00589210	0.00568688	0.00542233	0.00395193	0.00295528	0.00385912	0.00324989	0.00023582	0.00007995	0.00019337	0.00015597	0.00012851	0.00003605	0.00009741	0.00007640	0.05986517	0.05333009	0.05860985	0.05259288	0.05361478	0.04885742	0.05318336	0.04800304	0.10461539	0.05567353	0.06872883	0.05469968	36821437.95692309	0.04600368	0.05741821	0.04492464			
15	ahTHaorahtehshiyahnihzahm (w:authoritarianism)	AH.TH.AO.R.AH.T.EH.SH.IY.AH.N.IH.Z.AH.M	AH0.TH.AO2.R.AH0.T.EH1.SH.IY0.AH0.N.IH2.Z.AH0.M	8	15	1	0.02	0.01	1	1	0.02	0.01	1	0.00545937	0.00557739	0.00537218	0.00505101	0.00397363	0.00264034	0.00371889	0.00303077	0.00025743	0.00007272	0.00019270	0.00013970	0.00015714	0.00003343	0.00010578	0.00006959	0.06352126	0.06019885	0.06336234	0.05920576	0.05730059	0.05576131	0.05797323	0.05465997	0.10769231	0.06206632	0.07626105	0.06102901	0.09435898	0.05249959	0.06514200	0.05137529			
16	ahTHaorahtehtiyahnihzahm (w:authoritarianism)	AH.TH.AO.R.AH.T.EH.T.IY.AH.N.IH.Z.AH.M	AH0.TH.AO2.R.AH0.T.EH1.T.IY0.AH0.N.IH2.Z.AH0.M	8	15	1	0.02	0.01	1	1	0.02	0.01	1	0.00579573	0.00627895	0.00572063	0.00541337	0.00425220	0.00299360	0.00400194	0.00334152	0.00026293	0.00007367	0.00019623	0.00014113	0.00016189	0.00003432	0.00010916	0.00007100	0.06881447	0.06542535	0.06859540	0.06438256	0.06259350	0.06098779	0.06320623	0.05983674	0.10769231	0.05739487	0.07124537	0.05654943	0.09435898	0.04782814	0.06012633	0.04689571			
17	ahTHaorahtehziyahnihzahm (w:authoritarianism)	AH.TH.AO.R.AH.T.EH.Z.IY.AH.N.IH.Z.AH.M	AH0.TH.AO2.R.AH0.T.EH1.Z.IY0.AH0.N.IH2.Z.AH0.M	8	15	1	0.02	0.01	1	1	0.02	0.01	1	0.00546225	0.00555675	0.00538712	0.00507212	0.00397339	0.00272061	0.00373194	0.00306647	0.00025939	0.00007313	0.00019427	0.00014025	0.00015931	0.00003384	0.00010752	0.00007020	0.06718782	0.06237323	0.06613750	0.06154349	0.06096694	0.05793568	0.06074835	0.05699769	36821452.90358975	0.05556569	0.06852855	0.05457315	36821437.95692309	0.04599896	0.05740951	0.04491943			
18	ahTHaorahterriyahnihzahm (w:authoritarianism)	AH.TH.AO.R.AH.T.ER.R.IY.AH.N.IH.Z.AH.M	AH0.TH.AO2.R.AH0.T.ER0.R.IY0.AH0.N.IH2.Z.AH0.M	8	15	1	0.02	0.01	1	1	0.02	0.01	1	0.00641080	0.00624492	0.00629533	0.00591834	0.00468194	0.00300881	0.00435879	0.00357474	0.00032264	0.00008436	0.00024148	0.00016395	0.00020545	0.00004431	0.00014116	0.00009014	0.06457907	0.06212356	0.06474154	0.06075736	0.05859676	0.05814556	0.05968137	0.05655134	0.10153846	0.05207617	0.06560274	0.05160872	0.08923077	0.04751859	0.05897690	0.04656633			
19	ahTHaorahteyriyahnihzahm (w:authoritarianism)	AH.TH.AO.R.AH.T.EY.R.IY.AH.N.IH.Z.AH.M	AH0.TH.AO2.R.AH0.T.EY0.R.IY0.AH0.N.IH2.Z.AH0.M	8	15	1	0.02	0.01	1	1	0.02	0.01	1	0.00608908	0.00610114	0.00598738	0.00568628	0.00424781	0.00278038	0.00395689	0.00324227	0.00031020	0.00007862	0.00022348	0.00015432	0.00019120	0.00004042	0.00012685	0.00008268	0.06430629	0.05993141	0.06364725	0.05915332	0.05646472	0.05478166	0.05712064	0.05361851	0.10051282	0.05092238	0.06434882	0.05062058	36821459.28820515	0.04532357	0.05636457	0.04432654			
20	ahTHaorahtihriyahnihzahm (w:authoritarianism)	AH.TH.AO.R.AH.T.IH.R.IY.AH.N.IH.Z.AH.M	AH0.TH.AO2.R.AH0.T.IH0.R.IY0.AH0.N.IH2.Z.AH0.M	8	15	1	0.02	0.01	1	1	0.02	0.01	1	0.00686645	0.00696680	0.00668538	0.00625973	0.00496744	0.00357309	0.00454355	0.00369956	0.00036454	0.00010009	0.00027710	0.00020122	0.00022132	0.00004552	0.00014803	0.00009574	0.06775465	0.06227494	0.06723225	0.06194592	0.06110943	0.05792239	0.06155621	0.05733643	36821432.63282053	0.04965602	0.06267693	0.04910542	36821458.22153848	0.04532357	0.05636457	0.04432654			
21	ahTHaorahtiyriyahnihzahm (w:authoritarianism)	AH.TH.AO.R.AH.T.IY.R.IY.AH.N.IH.Z.AH.M	AH0.TH.AO2.R.AH0.T.IY0.R.IY0.AH0.N.IH2.Z.AH0.M	8	15	1	0.02	0.01	1	1	0.02	0.01	1	0.00624473	0.00665226	0.00616152	0.00582693	0.00447653	0.00286206	0.00417178	0.00341228	0.00034856	0.00009286	0.00026509	0.00018376	0.00023652	0.00005521	0.00017315	0.00011566	0.06478237	0.06266595	0.06511477	0.06159351	0.05854790	0.05850994	0.05979264	0.05721707	0.10153846	0.04982487	0.06299041	0.04930305	0.09025641	0.04549242	0.05667805	0.04452417			
22	ahTHaorahtuhriyahnihzahm (w:authoritarianism)	AH.TH.AO.R.AH.T.UH.R.IY.AH.N.IH.Z.AH.M	AH0.TH.AO2.R.AH0.T.UH2.R.IY0.AH0.N.IH2.Z.AH0.M	8	15	1	0.02	0.01	1	1	0.02	0.01	1	0.00602189	0.00624323	0.00593243	0.00565615	0.00424897	0.00277956	0.00395675	0.00324042	0.00030575	0.00008005	0.00022335	0.00015563	0.00019120	0.00004059	0.00012745	0.00008314	0.06234278	0.05878377	0.06216394	0.05785413	0.05644672	0.05477628	0.05712339	0.05361549	36821478.49948719	0.04965602	0.06267693	0.04910542	36821456.08820515	0.04532357	0.05636457	0.04432654			
23	ahTHaoraotehriyahnihzahm (w:authoritarianism)	AH.TH.AO.R.AO.T.EH.R.IY.AH.N.IH.Z.AH.M	AH0.TH.AO2.R.AO2.T.EH1.R.IY0.AH0.N.IH2.Z.AH0.M	8	15	1	0.02	0.01	1	1	0.02	0.01	1	0.00531436	0.00530498	0.00534973	0.00529285	0.00363297	0.00257517	0.00347695	0.00304684	0.00030195	0.00012133	0.00023383	0.00018510	0.00019242	0.00008063	0.00014573	0.00011179	0.05597352	0.05177161	0.05477942	0.05049709	0.04976574	0.04761032	0.04954962	0.04619878	36821477.42564105	0.04667305	0.05828821	0.04594337	36821434.74564105	0.03710632	0.04716917	0.03628965			
24	ahTHaorawtehriyahnihzahm (w:authoritarianism)	AH.TH.AO.R.AW.T.EH.R.IY.AH.N.IH.Z.AH.M	AH0.TH.AO2.R.AW0.T.EH1.R.IY0.AH0.N.IH2.Z.AH0.M	8	15	1	0.02	0.01	1	1	0.02	0.01	1	0.00532944	0.00546935	0.00534886	0.00527109	0.00362143	0.00257393	0.00346911	0.00304397	0.00030326	0.00011863	0.00023475	0.00018098	0.00019242	0.00008063	0.00014573	0.00011179	0.05557801	0.05162629	0.05456112	0.05036087	0.04950613	0.04753607	0.04938073	0.04611351	36821440.09230771	0.04667305	0.05828821	0.04594337	36821455.01230772	0.03710632	0.04716917	0.03628965			
25	ahTHaoraytehriyahnihzahm (w:authoritarianism)	AH.TH.AO.R.AY.T.EH.R.IY.AH.N.IH.Z.AH.M	AH0.TH.AO2.R.AY2.T.EH1.R.IY0.AH0.N.IH2.Z.AH0.M	8	15	1	0.02	0.01	1	1	0.02	0.01	1	0.00547157	0.00564764	0.00554965	0.00552469	0.00367336	0.00258156	0.00350863	0.00306322	0.00031426	0.00020486	0.00025009	0.00020424	0.00019771	0.00008117	0.00014911	0.00011303	0.05628130	0.05216367	0.05522618	0.05102944	0.04999771	0.04786829	0.04980070	0.04653108	36821453.95897438	0.04667305	0.05828821	0.04594337	36821450.74564105	0.03710632	0.04716917	0.03628965			
26	ahTHaorertehriyahnihzahm (w:authoritarianism)	AH.TH.AO.R.ER.T.EH.R.IY.AH.N.IH.Z.AH.M	AH0.TH.AO2.R.ER0.T.EH1.R.IY0.AH0.N.IH2.Z.AH0.M	8	15	1	0.02	0.01	1	1	0.02	0.01	1	0.00533454	0.00544299	0.00536948	0.00526607	0.00367544	0.00278169	0.00353865	0.00311296	0.00030365	0.00012064	0.00023632	0.00018520	0.00019432	0.00008302	0.00014906	0.00011708	0.05885594	0.05575726	0.05819497	0.05402972	0.05258929	0.05153936	0.05286217	0.04963831	0.09435898	0.04898063	0.06142301	0.04857842	0.08102564	0.03941390	0.05030397	0.03892470			
27	ahTHaoreytehriyahnihzahm (w:authoritarianism)	AH.TH.AO.R.EY.T.EH.R.IY.AH.N.IH.Z.AH.M	AH0.TH.AO2.R.EY2.T.EH1.R.IY0.AH0.N.IH2.Z.AH0.M	8	15	1	0.02	0.01	1	1	0.02	0.01	1	0.00593165	0.00565180	0.00585701	0.00565287	0.00398886	0.00261034	0.00368481	0.00315051	0.00035367	0.00014652	0.00027410	0.00021685	0.00020857	0.00008268	0.00015533	0.00011735	0.05688610	0.05234119	0.05565799	0.05120804	0.05016055	0.04795396	0.04992000	0.04657025	0.09333334	0.04678561	0.05849720	0.04600925	0.08000000	0.03721888	0.04737816	0.03635553			
28	ahTHaorihtehriyahnihzahm (w:authoritarianism)	AH.TH.AO.R.IH.T.EH.R.IY.AH.N.IH.Z.AH.M	AH0.TH.AO2.R.IH0.T.EH1.R.IY0.AH0.N.IH2.Z.AH0.M	8	15	1	0.02	0.01	1	1	0.02	0.01	1	0.00610859	0.00652879	0.00618618	0.00605905	0.00410726	0.00342905	0.00401886	0.00354314	0.00033639	0.00014714	0.00028051	0.00022756	0.00021006	0.00009275	0.00017036	0.00013532	0.06023021	0.05690697	0.05949304	0.05539441	0.05331284	0.05191384	0.05354229	0.05037115	0.09435898	0.04920576	0.06131852	0.04857842	0.08102564	0.03963903	0.05019948	0.03892470			
29	ahTHaorowtehriyahnihzahm (w:authoritarianism)	AH.TH.AO.R.OW.T.EH.R.IY.AH.N.IH.Z.AH.M	AH0.TH.AO2.R.OW0.T.EH1.R.IY0.AH0.N.IH2.Z.AH0.M	8	15	1	0.02	0.01	1	1	0.02	0.01	1	0.00549950	0.00530919	0.00552665	0.00537016	0.00370590	0.00259125	0.00353351	0.00308325	0.00031360	0.00012421	0.00024479	0.00019024	0.00019690	0.00008320	0.00014931	0.00011554	0.05651060	0.05200506	0.05532522	0.05077293	0.04993165	0.04775544	0.04975134	0.04634944	0.09538462	0.04717959	0.05912416	0.04633863	0.08205128	0.03761286	0.04800512	0.03668491			
30	ahTHaoroytehriyahnihzahm (w:authoritarianism)	AH.TH.AO.R.OY.T.EH.R.IY.AH.N.IH.Z.AH.M	AH0.TH.AO2.R.OY2.T.EH1.R.IY0.AH0.N.IH2.Z.AH0.M	8	15	1	0.02	0.01	1	1	0.02	0.01	1	0.00522700	0.00519264	0.00525105	0.00513721	0.00361520	0.00257428	0.00346953	0.00304413	0.00030077	0.00011808	0.00023237	0.00017966	0.00019255	0.00008082	0.00014624	0.00011207	0.05552722	0.05158649	0.05450968	0.05030953	0.04954760	0.04754468	0.04941274	0.04612447	36821436.89230772	0.04667305	0.05828821	0.04594337	36821446.47897438	0.03710632	0.04716917	0.03628965			
31	ahTHaoruhtehriyahnihzahm (w:authoritarianism)	AH.TH.AO.R.UH.T.EH.R.IY.AH.N.IH.Z.AH.M	AH0.TH.AO2.R.UH2.T.EH1.R.IY0.AH0.N.IH2.Z.AH0.M	8	15	1	0.02	0.01	1	1	0.02	0.01	1	0.00522700	0.00521987	0.00525771	0.00516160	0.00361589	0.00257372	0.00346777	0.00304320	0.00030038	0.00011792	0.00023206	0.00017947	0.00019242	0.00008063	0.00014573	0.00011179	0.05556878	0.05165181	0.05456523	0.05037576	0.04957833	0.04754631	0.04942695	0.04612737	36821445.42564105	0.04667305	0.05828821	0.04594337	36821460.34564105	0.03710632	0.04716917	0.03628965			
32	ahTHaoruwtehriyahnihzahm (w:authoritarianism)	AH.TH.AO.R.UW.T.EH.R.IY.AH.N.IH.Z.AH.M	AH0.TH.AO2.R.UW0.T.EH1.R.IY0.AH0.N.IH2.Z.AH0.M	8	15	1	0.02	0.01	1	1	0.02	0.01	1	0.00543609	0.00533728	0.00548199	0.00537680	0.00363966	0.00258081	0.00348926	0.00305517	0.00031125	0.00012688	0.00024523	0.00019214	0.00019364	0.00008305	0.00014812	0.00011401	0.05617204	0.05219196	0.05519857	0.05098477	0.04973041	0.04774530	0.04969639	0.04637617	36821451.82564105	0.04667305	0.05828821	0.04594337	36821437.94564105	0.03710632	0.04716917	0.03628965			
33	ahTHawrahtehriyahnihzahm (w:authoritarianism)	AH.TH.AW.R.AH.T.EH.R.IY.AH.N.IH.Z.AH.M	AH0.TH.AW1.R.AH0.T.EH1.R.IY0.AH0.N.IH2.Z.AH0.M	8	15	1	0.02	0.01	1	1	0.02	0.01	1	0.00594784	0.00580169	0.00589485	0.00559454	0.00454116	0.00333380	0.00441603	0.00382133	0.00035577	0.00014730	0.00028705	0.00023363	0.00023801	0.00010333	0.00019616	0.00015879	0.06280453	0.05967938	0.06254772	0.05817903	0.05724744	0.05549780	0.05779399	0.05417443	36821469.97025644	0.05556569	0.06852855	0.05457315	36821461.42358978	0.04599896	0.05740951	0.04491943			
34	ahTHeyrahtehriyahnihzahm (w:authoritarianism)	AH.TH.EY.R.AH.T.EH.R.IY.AH.N.IH.Z.AH.M	AH0.TH.EY1.R.AH0.T.EH1.R.IY0.AH0.N.IH2.Z.AH0.M	8	15	1	0.02	0.01	1	1	0.02	0.01	1	0.00594673	0.00573783	0.00588271	0.00554099	0.00453908	0.00327287	0.00440337	0.00376683	0.00035603	0.00014730	0.00028711	0.00023365	0.00023801	0.00010333	0.00019616	0.00015879	0.06354878	0.06035137	0.06346259	0.05920951	0.05798470	0.05616977	0.05870925	0.05520455	36821443.30358977	0.05556569	0.06852855	0.05457315	36821457.15692310	0.04599896	0.05740951	0.04491943			
35	ahvaorahtehriyahnihzahm (w:authoritarianism)	AH.V.AO.R.AH.T.EH.R.IY.AH.N.IH.Z.AH.M	AH0.V.AO2.R.AH0.T.EH1.R.IY0.AH0.N.IH2.Z.AH0.M	8	15	1	0.02	0.01	1	1	0.02	0.01	1	0.00650371	0.00688455	0.00652336	0.00622933	0.00466509	0.00360549	0.00450203	0.00383629	0.00038549	0.00015809	0.00031939	0.00025265	0.00024222	0.00010358	0.00019812	0.00015945	0.06378583	0.06045032	0.06322483	0.05897259	0.05756362	0.05595642	0.05783397	0.05442098	36821443.30358977	0.05556569	0.06852855	0.05457315	36821457.15692310	0.04599896	0.05740951	0.04491943			
36	aogaelahtehriyahnihzahm (w:egalitarianism)	AO.G.AE.L.AH.T.EH.R.IY.AH.N.IH.Z.AH.M	AO0.G.AE2.L.AH0.T.EH1.R.IY0.AH0.N.IH2.Z.AH0.M	8	15	0	0	0	0	0	0	0	0	0.00591857	0.00562773	0.00581620	0.00539527	0.00447030	0.00320266	0.00426402	0.00361644	0.00039007	0.00015291	0.00031894	0.00024296	0.00025063	0.00010047	0.00020094	0.00015316	0.06208831	0.05576581	0.06202641	0.05694926	0.05478920	0.05068390	0.05547041	0.05162829	110464348.89230771	0.05328625	0.06497578	0.05200398	110464375.54974359	0.04580197	0.05688704	0.04478768			
37	aokskahmyuwnahkeytahd (w:excommunicated)	AO.K.S.K.AH.M.Y.UW.N.AH.K.EY.T.AH.D	AO0.K.S.K.AH0.M.Y.UW1.N.AH0.K.EY2.T.AH0.D	6	15	1	0.37	0.14	16	1	0.37	0.14	16	0.00429286	0.00501636	0.00430958	0.00414715	0.00376729	0.00375027	0.00359510	0.00311170	0.00028322	0.00021261	0.00030825	0.00028544	0.00022295	0.00010208	0.00023516	0.00019784	0.05473872	0.05485081	0.05673028	0.05538870	0.05314428	0.05268721	0.05514756	0.05362258	36821478.54051284	0.14250756	0.14812644	0.14293262	36821456.12512823	0.13637864	0.13936991	0.13614835			
38	aokspehrahmahnteyshahn (w:experimentation)	AO.K.S.P.EH.R.AH.M.AH.N.T.EY.SH.AH.N	AO0.K.S.P.EH2.R.AH0.M.AH0.N.T.EY1.SH.AH0.N	6	15	1	0.59	0.2	28	1	0.59	0.2	28	0.00837797	0.00634838	0.00828373	0.00765539	0.00744689	0.00433491	0.00708762	0.00594026	0.00097289	0.00043398	0.00092307	0.00074099	0.00086723	0.00028751	0.00078353	0.00058337	0.06204599	0.05324450	0.06061285	0.05557256	0.05954255	0.05033711	0.05825602	0.05284615	36821477.47794874	0.15929998	0.16524690	0.15967329	36821434.80717950	0.15729926	0.16237317	0.15746108			
39	aokstraordahnehrahliy (w:extraordinarily)	AO.K.S.T.R.AO.R.D.AH.N.EH.R.AH.L.IY	AO0.K.S.T.R.AO2.R.D.AH0.N.EH1.R.AH0.L.IY0	6	15	1	1.14	0.33	54	1	1.14	0.33	54	0.00789305	0.00584367	0.00789093	0.00752811	0.00678934	0.00399153	0.00659486	0.00589364	0.00041469	0.00020248	0.00041148	0.00034815	0.00033368	0.00014432	0.00032588	0.00026912	0.06043878	0.06350702	0.06680244	0.06183777	0.05951798	0.06163272	0.06572897	0.06042137	36821441.17641028	0.15700355	0.16432800	0.15451394	36821533.97538463	0.15666585	0.16380554	0.15431631			
40	aondahstihnggwihshahbah (w:indistinguishable)	AO.N.D.AH.S.T.IH.NG.G.W.IH.SH.AH.B.AH	AO0.N.D.AH0.S.T.IH1.NG.G.W.IH0.SH.AH0.B.AH0	6	15	0	0	0	0	0	0	0	0	0.00607400	0.00543702	0.00581472	0.00576043	0.00396139	0.00262591	0.00375771	0.00353978	0.00050739	0.00031321	0.00047596	0.00042075	0.00025104	0.00009252	0.00023105	0.00018513	0.05804011	0.04665748	0.05319795	0.04694943	0.05171840	0.04166684	0.04724931	0.04179146	220928714.72820517	0.04299266	0.05343236	0.04405810	220929006.98974365	0.04160377	0.05127851	0.04282233			
41	aondihvihjuwahlihstihk (w:individualistic)	AO.N.D.IH.V.IH.JH.UW.AH.L.IH.S.T.IH.K	AO0.N.D.IH0.V.IH2.JH.UW0.AH0.L.IH1.S.T.IH0.K	7	15	1	0.04	0.02	2	1	0.04	0.02	2	0.00643475	0.00496295	0.00595368	0.00553853	0.00507845	0.00366772	0.00470832	0.00429948	0.00047112	0.00027959	0.00039282	0.00032611	0.00025606	0.00010733	0.00022585	0.00018422	0.05952250	0.05778628	0.05707998	0.05754502	0.04677064	0.04798203	0.04571699	0.04706251	36821442.23076926	0.07496351	0.07972998	0.07706460	36821447.55076926	0.06952264	0.07172258	0.07141679			
42	aongkaamprahhehnsahbah (w:incomprehensible)	AO.NG.K.AA.M.P.R.AH.HH.EH.N.S.AH.B.AH	AO0.NG.K.AA2.M.P.R.AH0.HH.EH1.N.S.AH0.B.AH0	6	15	0	0	0	0	0	0	0	0	0.00388156	0.00255084	0.00386775	0.00360299	0.00320207	0.00170446	0.00313611	0.00280945	0.00027720	0.00011298	0.00027869	0.00023241	0.00022919	0.00008567	0.00022316	0.00018672	0.05065819	0.03973327	0.04693932	0.04099207	0.04910586	0.03790865	0.04559351	0.03960323	184107191.51589745	0.05918110	0.05787155	0.06120415	184107386.71589747	0.05918110	0.05787155	0.06120415			
43	aongkaantrowvertahbahl (w:incontrovertible)	AO.NG.K.AA.N.T.R.OW.V.ER.T.AH.B.AH.L	AO0.NG.K.AA2.N.T.R.OW0.V.ER1.T.AH0.B.AH0.L	6	15	0	0	0	0	0	0	0	0	0.00488887	0.00404395	0.00465189	0.00422363	0.00402994	0.00260350	0.00370005	0.00323401	0.00040160	0.00022142	0.00033154	0.00029375	0.00029256	0.00008663	0.00022728	0.00018876	0.04768937	0.05371223	0.05216202	0.05134729	0.04491254	0.05077629	0.04959402	0.04891986	36821440.08000004	0.08076057	0.08597438	0.08087852	36821455.01333337	0.08076057	0.08597438	0.08087852			
44	aonkaampahtahbihlahtiy (w:incompatibility)	AO.N.K.AA.M.P.AH.T.AH.B.IH.L.AH.T.IY	AO0.N.K.AA2.M.P.AH0.T.AH0.B.IH1.L.AH0.T.IY0	7	15	0	0	0	0	0	0	0	0	0.00402457	0.00524215	0.00404123	0.00373259	0.00330270	0.00289340	0.00313558	0.00261973	0.00028165	0.00010313	0.00026503	0.00019540	0.00022620	0.00006616	0.00020194	0.00014021	0.06958271	0.06259275	0.07211162	0.06400865	0.06264664	0.05627888	0.06586898	0.05800429	36821453.97846156	0.08792158	0.10609571	0.08882147	36821450.77538464	0.08650491	0.10404442	0.08745561			
45	aonkaanstahtuwshahnahl (w:unconstitutional)	AO.N.K.AA.N.S.T.AH.T.UW.SH.AH.N.AH.L	AO0.N.K.AA2.N.S.T.AH0.T.UW1.SH.AH0.N.AH0.L	6	15	1	0.31	0.12	16	1	0.31	0.12	16	0.00750148	0.00764920	0.00732621	0.00680304	0.00693059	0.00531023	0.00655875	0.00565248	0.00060207	0.00020608	0.00055202	0.00040985	0.00054143	0.00015779	0.00047933	0.00034421	0.07018336	0.08864629	0.07675197	0.08347396	0.06865880	0.08666215	0.07540783	0.08205002	36821436.90358977	0.10524162	0.10567374	0.10741805	36821446.50358977	0.10524162	0.10567374	0.10741805			
46	aonstahtuwshahnahlayzd (w:institutionalized)	AO.N.S.T.AH.T.UW.SH.AH.N.AH.L.AY.Z.D	AO0.N.S.T.AH0.T.UW1.SH.AH0.N.AH0.L.AY0.Z.D	6	15	0	0	0	0	0	0	0	0	0.00737066	0.00718235	0.00713244	0.00670440	0.00682766	0.00531740	0.00649681	0.00565008	0.00062603	0.00020165	0.00053003	0.00040020	0.00052487	0.00015407	0.00046561	0.00033501	0.07241199	0.10130849	0.08126505	0.09470225	0.07094604	0.09914561	0.07984853	0.09309491	36821445.45435899	0.13512227	0.14855499	0.13745966	36821460.38666669	0.13501116	0.14834986	0.13732958			
47	aonstrahmehntahlahst (w:instrumentalists)	AO.N.S.T.R.AH.M.EH.N.T.AH.L.AH.S.T	AO0.N.S.T.R.AH0.M.EH1.N.T.AH0.L.AH0.S.T	5	15	0	0	0	0	0	0	0	0	0.00855225	0.00649088	0.00833067	0.00792355	0.00810235	0.00501061	0.00777075	0.00712465	0.00064894	0.00045394	0.00060015	0.00054012	0.00057047	0.00026247	0.00052099	0.00045051	0.08288783	0.07417345	0.07693226	0.07106108	0.08191294	0.07222948	0.07584292	0.06971358	36821451.84923078	0.12549400	0.13402950	0.12335430	36821437.98051285	0.12527032	0.13361539	0.12309246			
48	aontehlahkchuwahlihzahm (w:intellectualism)	AO.N.T.EH.L.AH.K.CH.UW.AH.L.IH.Z.AH.M	AO0.N.T.EH2.L.AH0.K.CH.UW1.AH0.L.IH2.Z.AH0.M	7	15	1	0.04	0.02	2	1	0.04	0.02	2	0.00468953	0.00356571	0.00441582	0.00404804	0.00336063	0.00153918	0.00297561	0.00241925	0.00024185	0.00016891	0.00018658	0.00015986	0.00008875	0.00001174	0.00004602	0.00002360	0.06071350	0.05784457	0.05731121	0.05431673	0.05377970	0.05224833	0.05121125	0.04877879	36821432.63487183	0.06460235	0.06913523	0.06416888	36821458.22769235	0.06235235	0.06585317	0.06182742			
49	aonterkaantahnehntahl (w:intercontinental)	AO.N.T.ER.K.AA.N.T.AH.N.EH.N.T.AH.L	AO0.N.T.ER0.K.AA2.N.T.AH0.N.EH1.N.T.AH0.L	6	15	1	0.12	0.05	6	1	0.12	0.05	6	0.00823229	0.00752653	0.00806761	0.00762608	0.00751843	0.00560765	0.00719691	0.00647583	0.00045397	0.00040735	0.00045194	0.00044196	0.00037153	0.00023077	0.00036289	0.00033860	0.07274191	0.08408604	0.07885426	0.07786821	0.07109341	0.08202888	0.07740214	0.07624099	36821469.99384617	0.10097350	0.11310479	0.10297526	36821461.46051284	0.10097350	0.11310479	0.10297526			
50	aonternaeshahnahlahsts (w:internationalists)	AO.N.T.ER.N.AE.SH.AH.N.AH.L.AH.S.T.S	AO0.N.T.ER0.N.AE1.SH.AH0.N.AH0.L.AH0.S.T.S	6	15	0	0	0	0	0	0	0	0	0.00831012	0.00539030	0.00786595	0.00707337	0.00799687	0.00401317	0.00736304	0.00619323	0.00070787	0.00040697	0.00061295	0.00050682	0.00066545	0.00018338	0.00055504	0.00040161	0.07524898	0.08096304	0.07477487	0.07670325	0.07368742	0.07920044	0.07338283	0.07536535	110464345.70153847	0.09964944	0.08715031	0.10518630	110464376.63487180	0.09964944	0.08715031	0.10518630			
51	aorahspaansahbihlahtiy (w:irresponsibility)	AO.R.AH.S.P.AA.N.S.AH.B.IH.L.AH.T.IY	AO0.R.AH0.S.P.AA2.N.S.AH0.B.IH1.L.AH0.T.IY0	7	15	1	0.16	0.06	7	1	0.16	0.06	7	0.00540061	0.00528847	0.00541163	0.00497222	0.00404794	0.00205230	0.00386810	0.00315429	0.00035930	0.00014871	0.00036116	0.00028349	0.00024737	0.00008713	0.00024107	0.00018631	0.06710944	0.05821765	0.07004335	0.06130764	0.06002153	0.05033516	0.06352748	0.05482667	36821452.90666668	0.08344711	0.09940814	0.08309024	36821459.30358976	0.08203045	0.09735686	0.08172439			
52	aortihriyowsklerowsahs (w:arteriosclerosis)	AO.R.T.IH.R.IY.OW.S.K.L.ER.OW.S.AH.S	AO0.R.T.IH2.R.IY0.OW0.S.K.L.ER0.OW1.S.AH0.S	7	15	1	0.02	0.01	1	1	0.02	0.01	1	0.00437047	0.00369524	0.00432194	0.00404933	0.00242383	0.00102413	0.00233673	0.00201458	0.00014168	0.00006400	0.00014068	0.00012227	0.00004071	0.00000981	0.00003357	0.00002142	0.05355304	0.04151226	0.04703377	0.04182204	0.04757484	0.03531791	0.04069455	0.03492580	36821478.48923079	0.04714327	0.05762645	0.04471477	36821456.08512824	0.04455428	0.05417817	0.04181622			
53	aoTHaorahtehriyahnihzahm (w:authoritarianism)	AO.TH.AO.R.AH.T.EH.R.IY.AH.N.IH.Z.AH.M	AO0.TH.AO2.R.AH0.T.EH1.R.IY0.AH0.N.IH2.Z.AH0.M	8	15	1	0.02	0.01	1	1	0.02	0.01	1	0.00643164	0.00651184	0.00643844	0.00613476	0.00460762	0.00327934	0.00444577	0.00378508	0.00038523	0.00015808	0.00032043	0.00025282	0.00024222	0.00010357	0.00019799	0.00015940	0.06076231	0.05579612	0.06081852	0.05646902	0.05468306	0.05098106	0.05533015	0.05172237	36821477.43179490	0.05342695	0.06539375	0.05206985	36821434.75589747	0.04594268	0.05730501	0.04485355			
54	aygaelahtehriyahnihzahm (w:egalitarianism)	AY.G.AE.L.AH.T.EH.R.IY.AH.N.IH.Z.AH.M	AY0.G.AE2.L.AH0.T.EH1.R.IY0.AH0.N.IH2.Z.AH0.M	8	15	0	0	0	0	0	0	0	0	0.00591059	0.00561957	0.00580493	0.00538355	0.00447169	0.00320269	0.00426415	0.00361652	0.00039033	0.00015299	0.00031926	0.00024314	0.00025063	0.00010047	0.00020094	0.00015316	0.06187789	0.05722946	0.06170049	0.05645384	0.05480724	0.05069065	0.05548681	0.05164864	110464355.29230770	0.05328625	0.06497578	0.05200398	110464504.61641026	0.04580197	0.05688704	0.04478768			
55	aykskahmyuwnahkeytahd (w:excommunicated)	AY.K.S.K.AH.M.Y.UW.N.AH.K.EY.T.AH.D	AY0.K.S.K.AH0.M.Y.UW1.N.AH0.K.EY2.T.AH0.D	6	15	1	0.37	0.14	16	1	0.37	0.14	16	0.00432147	0.00508848	0.00432802	0.00412971	0.00377145	0.00375062	0.00359743	0.00311269	0.00028152	0.00021335	0.00030810	0.00028670	0.00022281	0.00010208	0.00023515	0.00019784	0.05452830	0.05631446	0.05640436	0.05489328	0.05316231	0.05269396	0.05516396	0.05364293	36821441.20717951	0.14250756	0.14812644	0.14293262	36821533.99179489	0.13637864	0.13936991	0.13614835			
56	aykspehrahmahnteyshahn (w:experimentation)	AY.K.S.P.EH.R.AH.M.AH.N.T.EY.SH.AH.N	AY0.K.S.P.EH2.R.AH0.M.AH0.N.T.EY1.SH.AH0.N	6	15	1	0.59	0.2	28	1	0.59	0.2	28	0.00840657	0.00642050	0.00830217	0.00763795	0.00745104	0.00433526	0.00708995	0.00594126	0.00097119	0.00043471	0.00092292	0.00074225	0.00086710	0.00028751	0.00078353	0.00058337	0.06183557	0.05470815	0.06028693	0.05507714	0.05956059	0.05034386	0.05827241	0.05286650	36821442.27794874	0.15929998	0.16524690	0.15967329	36821447.60717950	0.15729926	0.16237317	0.15746108			
57	aykstraordahnehrahliy (w:extraordinarily)	AY.K.S.T.R.AO.R.D.AH.N.EH.R.AH.L.IY	AY0.K.S.T.R.AO2.R.D.AH0.N.EH1.R.AH0.L.IY0	6	15	1	1.14	0.33	54	1	1.14	0.33	54	0.00792165	0.00591579	0.00790937	0.00751066	0.00679350	0.00399187	0.00659719	0.00589463	0.00041299	0.00020321	0.00041133	0.00034940	0.00033354	0.00014432	0.00032587	0.00026912	0.06022836	0.06497067	0.06647652	0.06134236	0.05953601	0.06163947	0.06574536	0.06044171	36821433.70974361	0.15700355	0.16432800	0.15451394	36821435.84205130	0.15666585	0.16380554	0.15431631			
58	ayndahstihnggwihshahbah (w:indistinguishable)	AY.N.D.AH.S.T.IH.NG.G.W.IH.SH.AH.B.AH	AY0.N.D.AH0.S.T.IH1.NG.G.W.IH0.SH.AH0.B.AH0	6	15	0	0	0	0	0	0	0	0	0.00613520	0.00522618	0.00588307	0.00581914	0.00396370	0.00263751	0.00376312	0.00355432	0.00052167	0.00036162	0.00050013	0.00047078	0.00025117	0.00009256	0.00023126	0.00018521	0.05782968	0.04812113	0.05287203	0.04645402	0.05173644	0.04167360	0.04726570	0.04181180	220928631.52820513	0.04299266	0.05343236	0.04405810	220928676.32307693	0.04160377	0.05127851	0.04282233			
59	ayndihvihjuwahlihstihk (w:individualistic)	AY.N.D.IH.V.IH.JH.UW.AH.L.IH.S.T.IH.K	AY0.N.D.IH0.V.IH2.JH.UW0.AH0.L.IH1.S.T.IH0.K	7	15	1	0.04	0.02	2	1	0.04	0.02	2	0.00649594	0.00475211	0.00602203	0.00559725	0.00508076	0.00367931	0.00471373	0.00431402	0.00048540	0.00032800	0.00041699	0.00037614	0.00025620	0.00010736	0.00022606	0.00018431	0.05931208	0.05924993	0.05675406	0.05704961	0.04678867	0.04798878	0.04573338	0.04708285	36821453.96410260	0.07496351	0.07972998	0.07706460	36821450.75076927	0.06952264	0.07172258	0.07141679			
60	aynkaampahtahbihlahtiy (w:incompatibility)	AY.N.K.AA.M.P.AH.T.AH.B.IH.L.AH.T.IY	AY0.N.K.AA2.M.P.AH0.T.AH0.B.IH1.L.AH0.T.IY0	7	15	0	0	0	0	0	0	0	0	0.00408577	0.00503131	0.00410957	0.00379130	0.00330501	0.00290500	0.00314100	0.00263427	0.00028152	0.00010312	0.00026496	0.00019537	0.00022620	0.00006616	0.00020194	0.00014021	0.06937229	0.06405640	0.07178570	0.06351323	0.06266467	0.05628563	0.06588538	0.05802464	36821436.91179490	0.08792158	0.10609571	0.08882147	36821446.50871797	0.08650491	0.10404442	0.08745561			
61	aynkaanstahtuwshahnahl (w:unconstitutional)	AY.N.K.AA.N.S.T.AH.T.UW.SH.AH.N.AH.L	AY0.N.K.AA2.N.S.T.AH0.T.UW1.SH.AH0.N.AH0.L	6	15	1	0.31	0.12	16	1	0.31	0.12	16	0.00756267	0.00743836	0.00739455	0.00686176	0.00693290	0.00532183	0.00656416	0.00566702	0.00060193	0.00020607	0.00055195	0.00040982	0.00054143	0.00015779	0.00047933	0.00034421	0.06997294	0.09010994	0.07642605	0.08297855	0.06867684	0.08666890	0.07542422	0.08207037	36821445.43692310	0.10524162	0.10567374	0.10741805	36821460.37025643	0.10524162	0.10567374	0.10741805			
62	aynstahtuwshahnahlayzd (w:institutionalized)	AY.N.S.T.AH.T.UW.SH.AH.N.AH.L.AY.Z.D	AY0.N.S.T.AH0.T.UW1.SH.AH0.N.AH0.L.AY0.Z.D	6	15	0	0	0	0	0	0	0	0	0.00743186	0.00697150	0.00720079	0.00676312	0.00682997	0.00532900	0.00650223	0.00566462	0.00062603	0.00020172	0.00053020	0.00040033	0.00052487	0.00015407	0.00046561	0.00033501	0.07220157	0.10277214	0.08093913	0.09420684	0.07096408	0.09915236	0.07986493	0.09311526	36821451.85435900	0.13512227	0.14855499	0.13745966	36821437.98666669	0.13501116	0.14834986	0.13732958			
63	aynstrahmehntahlahst (w:instrumentalists)	AY.N.S.T.R.AH.M.EH.N.T.AH.L.AH.S.T	AY0.N.S.T.R.AH0.M.EH1.N.T.AH0.L.AH0.S.T	5	15	0	0	0	0	0	0	0	0	0.00861344	0.00628003	0.00839902	0.00798227	0.00810466	0.00502221	0.00777616	0.00713919	0.00064894	0.00045400	0.00060032	0.00054025	0.00057047	0.00026247	0.00052099	0.00045051	0.08267741	0.07563710	0.07660635	0.07056566	0.08193098	0.07223623	0.07585932	0.06973393	36821469.98256412	0.12549400	0.13402950	0.12335430	36821461.44717951	0.12527032	0.13361539	0.12309246			
64	ayntehlahkchuwahlihzahm (w:intellectualism)	AY.N.T.EH.L.AH.K.CH.UW.AH.L.IH.Z.AH.M	AY0.N.T.EH2.L.AH0.K.CH.UW1.AH0.L.IH2.Z.AH0.M	7	15	1	0.04	0.02	2	1	0.04	0.02	2	0.00475073	0.00335486	0.00448416	0.00410675	0.00336294	0.00155078	0.00298103	0.00243379	0.00023792	0.00009793	0.00017949	0.00013195	0.00008861	0.00001169	0.00004575	0.00002357	0.06050308	0.05930822	0.05698530	0.05382131	0.05379774	0.05225508	0.05122764	0.04879913	36821443.30153849	0.06460235	0.06913523	0.06416888	36821457.16102568	0.06235235	0.06585317	0.06182742			
65	aynterkaantahnehntahl (w:intercontinental)	AY.N.T.ER.K.AA.N.T.AH.N.EH.N.T.AH.L	AY0.N.T.ER0.K.AA2.N.T.AH0.N.EH1.N.T.AH0.L	6	15	1	0.12	0.05	6	1	0.12	0.05	6	0.00829349	0.00731568	0.00813595	0.00768479	0.00752074	0.00561925	0.00720232	0.00649037	0.00045004	0.00033637	0.00044484	0.00041405	0.00037140	0.00023073	0.00036262	0.00033856	0.07253149	0.08554969	0.07852834	0.07737280	0.07111145	0.08203563	0.07741853	0.07626134	36821432.66051284	0.10097350	0.11310479	0.10297526	36821458.26051284	0.10097350	0.11310479	0.10297526			
66	aynternaeshahnahlahsts (w:internationalists)	AY.N.T.ER.N.AE.SH.AH.N.AH.L.AH.S.T.S	AY0.N.T.ER0.N.AE1.SH.AH0.N.AH0.L.AH0.S.T.S	6	15	0	0	0	0	0	0	0	0	0.00837131	0.00517946	0.00793430	0.00713208	0.00799918	0.00402477	0.00736845	0.00620777	0.00070394	0.00033600	0.00060586	0.00047890	0.00066532	0.00018334	0.00055477	0.00040158	0.07503855	0.08242668	0.07444895	0.07620783	0.07370545	0.07920719	0.07339923	0.07538570	110464328.63487180	0.09964944	0.08715031	0.10518630	110464374.50153849	0.09964944	0.08715031	0.10518630			
67	ayrahspaansahbihlahtiy (w:irresponsibility)	AY.R.AH.S.P.AA.N.S.AH.B.IH.L.AH.T.IY	AY0.R.AH0.S.P.AA2.N.S.AH0.B.IH1.L.AH0.T.IY0	7	15	1	0.16	0.06	7	1	0.16	0.06	7	0.00495782	0.00453361	0.00491042	0.00442146	0.00401102	0.00202905	0.00383497	0.00311363	0.00034005	0.00014085	0.00033829	0.00026953	0.00024737	0.00008713	0.00024107	0.00018631	0.06689902	0.05968130	0.06971743	0.06081223	0.06003957	0.05034191	0.06354387	0.05484701	36821478.50666669	0.08344711	0.09940814	0.08309024	36821456.10358976	0.08203045	0.09735686	0.08172439			
68	ayrtihriyowsklerowsahs (w:arteriosclerosis)	AY.R.T.IH.R.IY.OW.S.K.L.ER.OW.S.AH.S	AY0.R.T.IH2.R.IY0.OW0.S.K.L.ER0.OW1.S.AH0.S	7	15	1	0.02	0.01	1	1	0.02	0.01	1	0.00392768	0.00294038	0.00382074	0.00349857	0.00238690	0.00100088	0.00230360	0.00197392	0.00009205	0.00003522	0.00008757	0.00007193	0.00003528	0.00000876	0.00002873	0.00001909	0.05334262	0.04297591	0.04670785	0.04132663	0.04759287	0.03532466	0.04071095	0.03494615	36821477.42256413	0.04714327	0.05762645	0.04471477	36821434.75179491	0.04455428	0.05417817	0.04181622			
69	baanfahdehnshiyaelahtiy (w:confidentiality)	B.AA.N.F.AH.D.EH.N.SH.IY.AE.L.AH.T.IY	B.AA2.N.F.AH0.D.EH2.N.SH.IY0.AE1.L.AH0.T.IY0	7	15	1	1.86	0.46	74	1	1.86	0.46	74	0.00305607	0.00348467	0.00305785	0.00283206	0.00205040	0.00107662	0.00194333	0.00150639	0.00018489	0.00006209	0.00017525	0.00011840	0.00013366	0.00004332	0.00012782	0.00008499	0.06780765	0.06691312	0.07410351	0.06853581	0.06295451	0.06300015	0.06902642	0.06405667	36821439.03384618	0.12074340	0.12821193	0.11588615	36821535.03076925	0.12001173	0.12706251	0.11522738			
70	baarlahmehntehriyahnz (w:parliamentarians)	B.AA.R.L.AH.M.EH.N.T.EH.R.IY.AH.N.Z	B.AA2.R.L.AH0.M.EH0.N.T.EH1.R.IY0.AH0.N.Z	6	15	0	0	0	0	0	0	0	0	0.00665027	0.00559415	0.00663366	0.00644110	0.00503483	0.00318081	0.00479159	0.00414687	0.00051735	0.00023677	0.00046241	0.00037498	0.00031617	0.00012568	0.00027217	0.00020377	0.06914901	0.07388784	0.07168365	0.07542486	0.06396946	0.06959494	0.06631150	0.07064109	147285760.08000001	0.07769471	0.07799269	0.07798253	184107472.07487181	0.07172876	0.07203657	0.07244894			
71	bahndahmehntahlihzahm (w:fundamentalism)	B.AH.N.D.AH.M.EH.N.T.AH.L.IH.Z.AH.M	B.AH2.N.D.AH0.M.EH1.N.T.AH0.L.IH2.Z.AH0.M	6	15	1	0.04	0.02	2	1	0.04	0.02	2	0.00818551	0.00757056	0.00792595	0.00761810	0.00498521	0.00397385	0.00471846	0.00441366	0.00054746	0.00058039	0.00047669	0.00044436	0.00034874	0.00018994	0.00030505	0.00027917	0.07722477	0.08080520	0.07846147	0.07789201	0.06711303	0.06866849	0.06881426	0.06884689	36821442.25743592	0.08415779	0.09096560	0.08374345	36821447.57948721	0.07599812	0.08183193	0.07573664			
72	bahsehntrahlahzeyshahn (w:decentralization)	B.AH.S.EH.N.T.R.AH.L.AH.Z.EY.SH.AH.N	B.AH0.S.EH2.N.T.R.AH0.L.AH0.Z.EY1.SH.AH0.N	6	15	0	0	0	0	0	0	0	0	0.00822542	0.00527961	0.00777779	0.00699018	0.00719047	0.00352522	0.00659577	0.00541246	0.00073235	0.00025158	0.00062752	0.00049348	0.00060805	0.00016658	0.00049672	0.00035687	0.07061029	0.06271322	0.06765021	0.06374195	0.06605088	0.05778615	0.06300136	0.05847491	36821440.13128206	0.11315849	0.11622787	0.11706641	36821455.05948719	0.11053866	0.11241371	0.11432718			
73	bihsahnderstaendihngz (w:misunderstandings)	B.IH.S.AH.N.D.ER.S.T.AE.N.D.IH.NG.Z	B.IH2.S.AH0.N.D.ER0.S.T.AE1.N.D.IH0.NG.Z	5	15	1	0.78	0.25	34	1	0.78	0.25	34	0.00796223	0.00756803	0.00794085	0.00814549	0.00678519	0.00556819	0.00670673	0.00658222	0.00046864	0.00088582	0.00050056	0.00055668	0.00037276	0.00075621	0.00040409	0.00043877	0.06952089	0.08367503	0.07927514	0.08740582	0.06209912	0.07678842	0.07182280	0.07991270	36821433.67487182	0.10949144	0.10431533	0.11171112	36821435.80205132	0.10695872	0.10076256	0.10881257			
74	bihsahnfraenchayzmahnt (w:disenfranchisement)	B.IH.S.AH.N.F.R.AE.N.CH.AY.Z.M.AH.N.T	B.IH2.S.AH0.N.F.R.AE1.N.CH.AY2.Z.M.AH0.N.T	5	16	0	0	0	0	0	0	0	0	0.00717377	0.00632543	0.00701257	0.00658860	0.00593068	0.00433646	0.00572520	0.00490465	0.00048100	0.00026664	0.00048968	0.00041969	0.00042866	0.00019413	0.00042774	0.00034171	0.06126510	0.05433400	0.06135878	0.05767093	0.05440823	0.04777636	0.05427628	0.05053461	34520113.07758620	0.05595103	0.05501497	0.05480769	34520114.07112067	0.05367312	0.05239521	0.05224359			
75	bihsihnterprahteyshahn (w:misinterpretation)	B.IH.S.IH.N.T.ER.P.R.AH.T.EY.SH.AH.N	B.IH2.S.IH2.N.T.ER2.P.R.AH0.T.EY1.SH.AH0.N	6	15	1	0.08	0.03	4	0	0	0	0	0.00866577	0.00685395	0.00825241	0.00778899	0.00508538	0.00294892	0.00476304	0.00396464	0.00074099	0.00025311	0.00064085	0.00049136	0.00055147	0.00015233	0.00047371	0.00033598	0.06624821	0.05753826	0.06460033	0.06151753	0.05283172	0.04318025	0.05004259	0.04591605	36821436.93128206	0.10354442	0.11632529	0.10476156	36821446.51897438	0.09599986	0.10613705	0.09642286			
76	bihskaelkyahleyshahnz (w:miscalculations)	B.IH.S.K.AE.L.K.Y.AH.L.EY.SH.AH.N.Z	B.IH2.S.K.AE1.L.K.Y.AH0.L.EY1.SH.AH0.N.Z	5	15	1	0.08	0.03	4	0	0	0	0	0.00651169	0.00412874	0.00598190	0.00517705	0.00516269	0.00264551	0.00473522	0.00382408	0.00073877	0.00020077	0.00060670	0.00041972	0.00066192	0.00016414	0.00053852	0.00036249	0.06415370	0.06144982	0.06466791	0.06656745	0.05680595	0.05458727	0.05728958	0.05919146	36821460.36410260	0.11259219	0.10833572	0.11446342	36821451.82564106	0.11028461	0.10509643	0.11182838			
77	bihsprahpaorshahnahtliy (w:disproportionately)	B.IH.S.P.R.AH.P.AO.R.SH.AH.N.AH.T.L.IY	B.IH2.S.P.R.AH0.P.AO1.R.SH.AH0.N.AH0.T.L.IY0	6	16	1	0.12	0.05	6	1	0.12	0.05	6	0.00656266	0.00564288	0.00640586	0.00597717	0.00530706	0.00342754	0.00511504	0.00435468	0.00051432	0.00021221	0.00048178	0.00039536	0.00047528	0.00016753	0.00044394	0.00035420	0.07594317	0.06958223	0.08011702	0.07140981	0.06949222	0.06295030	0.07327768	0.06437341	34520105.14655174	0.13482346	0.13735030	0.13269231	34520106.14224139	0.13339977	0.13585329	0.13108974			
78	bihsrehprahzehnteyshah (w:misrepresentation)	B.IH.S.R.EH.P.R.AH.Z.EH.N.T.EY.SH.AH	B.IH2.S.R.EH2.P.R.AH0.Z.EH0.N.T.EY1.SH.AH0	6	15	0	0	0	0	0	0	0	0	0.00465628	0.00307736	0.00439635	0.00412375	0.00292743	0.00133375	0.00272217	0.00227247	0.00033887	0.00011506	0.00029645	0.00022945	0.00024507	0.00006031	0.00020224	0.00013668	0.06361223	0.05036785	0.05982021	0.05513359	0.05505979	0.04213117	0.05123586	0.04618072	257750140.85641029	0.08188443	0.07170806	0.08407860	257750144.05025640	0.07952057	0.06836428	0.08137768			
79	biyspaansahbihlahtiyz (w:responsibilities)	B.IY.S.P.AA.N.S.AH.B.IH.L.AH.T.IY.Z	B.IY0.S.P.AA2.N.S.AH0.B.IH1.L.AH0.T.IY0.Z	6	15	1	6.63	0.88	299	1	6.63	0.88	299	0.00392990	0.00425703	0.00397588	0.00376693	0.00313953	0.00193910	0.00300818	0.00250688	0.00029815	0.00012045	0.00029203	0.00023292	0.00023177	0.00007710	0.00021876	0.00016654	0.07149113	0.11231194	0.08603794	0.11270579	0.06426376	0.10439812	0.07958909	0.10625773	36821458.21230772	0.30300740	0.18243089	0.31773929	36821452.87487183	0.30192334	0.18078793	0.31663277			
80	bowtaelahtehriyahnihzah (w:totalitarianism)	B.OW.T.AE.L.AH.T.EH.R.IY.AH.N.IH.Z.AH	B.OW2.T.AE2.L.AH0.T.EH1.R.IY0.AH0.N.IH2.Z.AH0	8	15	0	0	0	0	0	0	0	0	0.00565604	0.00501206	0.00554391	0.00506616	0.00413057	0.00285516	0.00395529	0.00334682	0.00037043	0.00015989	0.00031457	0.00025028	0.00022648	0.00009903	0.00019129	0.00014960	0.07156309	0.09306100	0.07535930	0.08837391	0.06520310	0.08751993	0.06929030	0.08239753	110464327.51589745	0.03901827	0.04515095	0.03598962	147285802.70974362	0.03548903	0.04042915	0.03234567			
81	daasahnfraenchayzmahnt (w:disenfranchisement)	D.AA.S.AH.N.F.R.AE.N.CH.AY.Z.M.AH.N.T	D.AA1.S.AH0.N.F.R.AE1.N.CH.AY2.Z.M.AH0.N.T	5	16	0	0	0	0	0	0	0	0	0.00650347	0.00573704	0.00642640	0.00597033	0.00597613	0.00455159	0.00581277	0.00500731	0.00045875	0.00025231	0.00046840	0.00040248	0.00042980	0.00019731	0.00042981	0.00034718	0.05899764	0.05092144	0.05836676	0.05378594	0.05747337	0.05020691	0.05733711	0.05307371	0.07758621	0.05737472	0.05651197	0.05608974	34520098.07112067	0.05338838	0.05202096	0.05192308			
82	daasehntrahlahzeyshahn (w:decentralization)	D.AA.S.EH.N.T.R.AH.L.AH.Z.EY.SH.AH.N	D.AA1.S.EH2.N.T.R.AH0.L.AH0.Z.EY1.SH.AH0.N	6	15	0	0	0	0	0	0	0	0	0.00736844	0.00479916	0.00700295	0.00631152	0.00641569	0.00342865	0.00594956	0.00489653	0.00071533	0.00024661	0.00061427	0.00048406	0.00060317	0.00016567	0.00049355	0.00035488	0.06967920	0.05687970	0.06608354	0.06109562	0.06687902	0.05511346	0.06395657	0.05910987	0.13538462	0.11996868	0.12301993	0.12385165	36821459.32717950	0.11096077	0.11293618	0.11472244			
83	daasprahpaorshahnahtliy (w:disproportionately)	D.AA.S.P.R.AH.P.AO.R.SH.AH.N.AH.T.L.IY	D.AA1.S.P.R.AH0.P.AO1.R.SH.AH0.N.AH0.T.L.IY0	6	16	1	0.12	0.05	6	1	0.12	0.05	6	0.00589236	0.00505449	0.00581968	0.00535889	0.00535251	0.00364267	0.00520262	0.00445734	0.00049049	0.00020727	0.00046326	0.00038246	0.00047692	0.00017009	0.00044722	0.00035806	0.07367571	0.06616967	0.07712501	0.06752481	0.07255735	0.06538084	0.07633851	0.06691251	0.14655173	0.13624715	0.13884731	0.13397436	34520115.14224139	0.13311503	0.13547904	0.13076923			
84	daesahnfraenchayzmahnt (w:disenfranchisement)	D.AE.S.AH.N.F.R.AE.N.CH.AY.Z.M.AH.N.T	D.AE1.S.AH0.N.F.R.AE1.N.CH.AY2.Z.M.AH0.N.T	5	16	0	0	0	0	0	0	0	0	0.00661812	0.00565881	0.00652911	0.00607690	0.00606811	0.00447396	0.00590602	0.00511197	0.00046471	0.00025097	0.00047471	0.00039950	0.00043433	0.00019623	0.00043552	0.00034487	0.05934870	0.05128489	0.05847717	0.05368118	0.05801779	0.05055265	0.05751546	0.05299867	0.07543104	0.05680524	0.05576347	0.05576923	34520115.07112067	0.05338838	0.05202096	0.05192308			
85	daesehntrahlahzeyshahn (w:decentralization)	D.AE.S.EH.N.T.R.AH.L.AH.Z.EY.SH.AH.N	D.AE1.S.EH2.N.T.R.AH0.L.AH0.Z.EY1.SH.AH0.N	6	15	0	0	0	0	0	0	0	0	0.00749128	0.00471534	0.00711300	0.00642571	0.00651424	0.00334548	0.00604947	0.00500866	0.00071598	0.00024631	0.00061462	0.00048338	0.00060385	0.00016549	0.00049446	0.00035450	0.07005367	0.05726738	0.06620131	0.06098387	0.06745974	0.05548225	0.06414681	0.05902982	36821535.06358976	0.11290522	0.11570541	0.11686878	36821441.19384616	0.11096077	0.11293618	0.11472244			
86	daesprahpaorshahnahtliy (w:disproportionately)	D.AE.S.P.R.AH.P.AO.R.SH.AH.N.AH.T.L.IY	D.AE1.S.P.R.AH0.P.AO1.R.SH.AH0.N.AH0.T.L.IY0	6	16	1	0.12	0.05	6	1	0.12	0.05	6	0.00600701	0.00497626	0.00592240	0.00546546	0.00544449	0.00356504	0.00529587	0.00456200	0.00049328	0.00020581	0.00046515	0.00038087	0.00047982	0.00016877	0.00044948	0.00035667	0.07402678	0.06653312	0.07723541	0.06742005	0.07310178	0.06572659	0.07651686	0.06683747	0.14439655	0.13567768	0.13809880	0.13365385	34520102.14224139	0.13311503	0.13547904	0.13076923			
87	dahchehntrahlahzeyshahn (w:decentralization)	D.AH.CH.EH.N.T.R.AH.L.AH.Z.EY.SH.AH.N	D.AH0.CH.EH2.N.T.R.AH0.L.AH0.Z.EY1.SH.AH0.N	6	15	0	0	0	0	0	0	0	0	0.00739394	0.00457651	0.00703740	0.00623663	0.00655393	0.00327254	0.00609076	0.00495199	0.00068521	0.00022793	0.00058316	0.00044874	0.00059883	0.00016453	0.00048987	0.00035212	0.06618563	0.05865745	0.06297918	0.05885591	0.06162873	0.05373913	0.05834039	0.05359977	36821439.04923079	0.07553361	0.08540238	0.07925349	36821457.17743591	0.07291378	0.08158822	0.07651427			
88	dahdehntrahlahzeyshahn (w:decentralization)	D.AH.D.EH.N.T.R.AH.L.AH.Z.EY.SH.AH.N	D.AH0.D.EH2.N.T.R.AH0.L.AH0.Z.EY1.SH.AH0.N	6	15	0	0	0	0	0	0	0	0	0.00777287	0.00481303	0.00747827	0.00666298	0.00683897	0.00342963	0.00643650	0.00527779	0.00072607	0.00024705	0.00062837	0.00048484	0.00061945	0.00017929	0.00052083	0.00038004	0.06817939	0.06290868	0.06494403	0.06134861	0.06362116	0.05798786	0.06030127	0.05608913	0.12102564	0.07663112	0.08707427	0.08057102	0.11589744	0.07401129	0.08326011	0.07783179			
89	dahgehntrahlahzeyshahn (w:decentralization)	D.AH.G.EH.N.T.R.AH.L.AH.Z.EY.SH.AH.N	D.AH0.G.EH2.N.T.R.AH0.L.AH0.Z.EY1.SH.AH0.N	6	15	0	0	0	0	0	0	0	0	0.00749704	0.00480701	0.00714155	0.00639549	0.00663910	0.00333405	0.00616589	0.00504611	0.00068731	0.00027425	0.00059076	0.00048664	0.00059950	0.00016456	0.00049019	0.00035221	0.06685195	0.05866720	0.06351298	0.05906599	0.06229460	0.05374886	0.05887311	0.05380958	36821440.11589745	0.07553361	0.08540238	0.07925349	36821435.84410258	0.07291378	0.08158822	0.07651427			
90	dahkehntrahlahzeyshahn (w:decentralization)	D.AH.K.EH.N.T.R.AH.L.AH.Z.EY.SH.AH.N	D.AH0.K.EH2.N.T.R.AH0.L.AH0.Z.EY1.SH.AH0.N	6	15	0	0	0	0	0	0	0	0	0.00766800	0.00466986	0.00730496	0.00643844	0.00674849	0.00332692	0.00626507	0.00508281	0.00071035	0.00023515	0.00060454	0.00046295	0.00061090	0.00016907	0.00050214	0.00036186	0.06933797	0.06173286	0.06619529	0.06211923	0.06477898	0.05681273	0.06155001	0.05685872	0.12102564	0.07834774	0.08947761	0.08228380	0.11589744	0.07572791	0.08566345	0.07954457			
91	dahlehntrahlahzeyshahn (w:decentralization)	D.AH.L.EH.N.T.R.AH.L.AH.Z.EY.SH.AH.N	D.AH0.L.EH2.N.T.R.AH0.L.AH0.Z.EY1.SH.AH0.N	6	15	0	0	0	0	0	0	0	0	0.00877752	0.00521823	0.00825221	0.00721710	0.00781224	0.00380033	0.00718726	0.00585054	0.00074990	0.00024475	0.00063816	0.00048449	0.00063506	0.00017476	0.00052245	0.00037410	0.07018353	0.06188973	0.06716327	0.06271869	0.06562398	0.05696951	0.06251603	0.05745738	0.11692308	0.07587131	0.08592484	0.07958287	0.11179487	0.07325147	0.08211068	0.07684365			
92	dahmehntrahlahzeyshahn (w:decentralization)	D.AH.M.EH.N.T.R.AH.L.AH.Z.EY.SH.AH.N	D.AH0.M.EH2.N.T.R.AH0.L.AH0.Z.EY1.SH.AH0.N	6	15	0	0	0	0	0	0	0	0	0.00797465	0.00533112	0.00760323	0.00683556	0.00695321	0.00362578	0.00642958	0.00523549	0.00076338	0.00026583	0.00064547	0.00050820	0.00062013	0.00016997	0.00050590	0.00036103	0.06876258	0.06183678	0.06555554	0.06147145	0.06420396	0.05691659	0.06091155	0.05621181	0.11794872	0.07885428	0.08937312	0.08228380	0.11282051	0.07623445	0.08555896	0.07954457			
93	dahnehntrahlahzeyshahn (w:decentralization)	D.AH.N.EH.N.T.R.AH.L.AH.Z.EY.SH.AH.N	D.AH0.N.EH2.N.T.R.AH0.L.AH0.Z.EY1.SH.AH0.N	6	15	0	0	0	0	0	0	0	0	0.00937374	0.00629875	0.00898039	0.00806136	0.00836592	0.00457925	0.00783167	0.00643336	0.00074675	0.00026277	0.00064485	0.00050319	0.00064401	0.00018622	0.00053910	0.00039179	0.07164865	0.06520819	0.06865138	0.06484882	0.06708812	0.06028602	0.06400113	0.05958466	0.12410256	0.08391971	0.09470227	0.08748801	0.11897436	0.08129988	0.09088811	0.08474879			
94	dahrehntrahlahzeyshahn (w:decentralization)	D.AH.R.EH.N.T.R.AH.L.AH.Z.EY.SH.AH.N	D.AH0.R.EH2.N.T.R.AH0.L.AH0.Z.EY1.SH.AH0.N	6	15	0	0	0	0	0	0	0	0	0.00766644	0.00468118	0.00729634	0.00647421	0.00659086	0.00328352	0.00612045	0.00497732	0.00070538	0.00025077	0.00060302	0.00047894	0.00059950	0.00016759	0.00049279	0.00035734	0.07064852	0.06420354	0.06773403	0.06336872	0.06608866	0.05928196	0.06308564	0.05810654	0.11794872	0.07598387	0.08613383	0.07978050	0.11282051	0.07336404	0.08231967	0.07704128			
95	dahsaantrahlahzeyshahn (w:decentralization)	D.AH.S.AA.N.T.R.AH.L.AH.Z.EY.SH.AH.N	D.AH0.S.AA0.N.T.R.AH0.L.AH0.Z.EY1.SH.AH0.N	6	15	0	0	0	0	0	0	0	0	0.00783873	0.00517515	0.00741206	0.00640881	0.00712746	0.00343901	0.00659777	0.00533826	0.00065104	0.00026381	0.00054562	0.00041864	0.00060113	0.00016341	0.00049403	0.00035298	0.07004057	0.06184643	0.06631476	0.06190381	0.06628155	0.05760975	0.06251579	0.05769804	0.13538462	0.11645102	0.12082558	0.12075547	36821533.99384617	0.11146732	0.11366763	0.11531532			
96	dahsehngtrahlahzeyshahn (w:decentralization)	D.AH.S.EH.NG.T.R.AH.L.AH.Z.EY.SH.AH.N	D.AH0.S.EH2.NG.T.R.AH0.L.AH0.Z.EY1.SH.AH0.N	6	15	0	0	0	0	0	0	0	0	0.00701479	0.00424749	0.00663097	0.00574495	0.00637507	0.00304392	0.00587894	0.00468328	0.00059630	0.00017170	0.00049327	0.00035026	0.00056449	0.00014794	0.00046357	0.00032255	0.06761051	0.06203328	0.06461198	0.06217350	0.06305637	0.05711721	0.05997720	0.05691808	36821443.32820514	0.10975340	0.11194365	0.11331146	36821462.52307693	0.10713356	0.10812949	0.11057224			
97	dahsehnshrahlahzeyshahn (w:decentralization)	D.AH.S.EH.N.SH.R.AH.L.AH.Z.EY.SH.AH.N	D.AH0.S.EH2.N.SH.R.AH0.L.AH0.Z.EY1.SH.AH0.N	6	15	0	0	0	0	0	0	0	0	0.00709084	0.00451052	0.00671926	0.00595439	0.00600972	0.00289120	0.00552107	0.00436606	0.00058033	0.00016986	0.00048336	0.00034753	0.00052501	0.00013518	0.00042854	0.00029391	0.06638101	0.05657175	0.06231068	0.05717290	0.06182434	0.05167936	0.05767620	0.05193415	0.12923077	0.11040065	0.11298859	0.11403610	0.12410256	0.10778081	0.10917442	0.11129688			
98	dahsehntraelahzeyshahn (w:decentralization)	D.AH.S.EH.N.T.R.AE.L.AH.Z.EY.SH.AH.N	D.AH0.S.EH2.N.T.R.AE2.L.AH0.Z.EY1.SH.AH0.N	6	15	0	0	0	0	0	0	0	0	0.00670503	0.00434780	0.00643409	0.00575946	0.00550473	0.00277509	0.00509315	0.00414159	0.00067893	0.00022624	0.00059202	0.00045152	0.00052026	0.00013995	0.00042520	0.00030315	0.06315310	0.05463444	0.05868932	0.05456698	0.05841693	0.04966864	0.05394929	0.04925708	0.12820513	0.09433198	0.10671899	0.09717181	36821533.98871795	0.09083977	0.10165091	0.09337856			
99	dahsehntrahdahzeyshahn (w:decentralization)	D.AH.S.EH.N.T.R.AH.D.AH.Z.EY.SH.AH.N	D.AH0.S.EH2.N.T.R.AH0.D.AH0.Z.EY1.SH.AH0.N	6	15	0	0	0	0	0	0	0	0	0.00707754	0.00474614	0.00696416	0.00640156	0.00604895	0.00307065	0.00579893	0.00478157	0.00068927	0.00026740	0.00061119	0.00050787	0.00057182	0.00016205	0.00047938	0.00035189	0.07071246	0.06456981	0.06709571	0.06358239	0.06615242	0.05964875	0.06244833	0.05832049	36821535.06153847	0.11337948	0.11635849	0.11728160	36821442.25641026	0.11075965	0.11254433	0.11454237			
100	dahsehntrahlahleyshahn (w:decentralization)	D.AH.S.EH.N.T.R.AH.L.AH.L.EY.SH.AH.N	D.AH0.S.EH2.N.T.R.AH0.L.AH0.L.EY1.SH.AH0.N	6	15	0	0	0	0	0	0	0	0	0.00949902	0.00548460	0.00891571	0.00786112	0.00839177	0.00383176	0.00771365	0.00629818	0.00076849	0.00026009	0.00066040	0.00051351	0.00062176	0.00017522	0.00052066	0.00037565	0.07191702	0.06926644	0.07025237	0.06958940	0.06735696	0.06434582	0.06560493	0.06432765	0.13846154	0.13345044	0.12805168	0.13841478	0.13333333	0.13083061	0.12423752	0.13567555			
101	dahsehntrahlahneyshahn (w:decentralization)	D.AH.S.EH.N.T.R.AH.L.AH.N.EY.SH.AH.N	D.AH0.S.EH2.N.T.R.AH0.L.AH0.N.EY1.SH.AH0.N	6	15	0	0	0	0	0	0	0	0	0.01008061	0.00656335	0.00963535	0.00865950	0.00887390	0.00454243	0.00826449	0.00675542	0.00080385	0.00027791	0.00071080	0.00054380	0.00065487	0.00018846	0.00056545	0.00039992	0.07341894	0.06870454	0.07237345	0.06882568	0.06885889	0.06378391	0.06772601	0.06356393	0.13948718	0.12331156	0.12743630	0.12683754	0.13435897	0.12069172	0.12362214	0.12409832			
102	dahsehntrahlahsheyshahn (w:decentralization)	D.AH.S.EH.N.T.R.AH.L.AH.SH.EY.SH.AH.N	D.AH0.S.EH2.N.T.R.AH0.L.AH0.SH.EY1.SH.AH0.N	6	15	0	0	0	0	0	0	0	0	0.00808795	0.00482472	0.00767395	0.00680412	0.00704068	0.00321230	0.00649812	0.00524731	0.00071598	0.00025101	0.00062786	0.00049408	0.00059001	0.00016785	0.00049764	0.00035990	0.06720473	0.06209995	0.06439830	0.06203544	0.06264468	0.05717932	0.05975086	0.05677369	0.13538462	0.11517267	0.11912861	0.11935787	0.13025641	0.11255283	0.11531444	0.11661864			
103	dahsehntrahlahteyshahn (w:decentralization)	D.AH.S.EH.N.T.R.AH.L.AH.T.EY.SH.AH.N	D.AH0.S.EH2.N.T.R.AH0.L.AH0.T.EY1.SH.AH0.N	6	15	0	0	0	0	0	0	0	0	0.00873539	0.00595907	0.00830804	0.00740017	0.00763845	0.00385674	0.00708429	0.00574748	0.00078983	0.00026846	0.00068519	0.00052950	0.00065867	0.00018424	0.00055315	0.00039472	0.07281817	0.06652535	0.07032570	0.06679735	0.06825812	0.06160472	0.06567826	0.06153559	0.14256410	0.12461711	0.12928245	0.12716275	0.13743590	0.12199728	0.12546829	0.12442352			
104	dahsehntrahlahzeylahn (w:decentralization)	D.AH.S.EH.N.T.R.AH.L.AH.Z.EY.L.AH.N	D.AH0.S.EH2.N.T.R.AH0.L.AH0.Z.EY1.L.AH0.N	6	15	0	0	0	0	0	0	0	0	0.00801921	0.00511400	0.00768401	0.00687097	0.00689805	0.00340189	0.00642957	0.00520936	0.00036297	0.00015753	0.00033900	0.00028853	0.00022241	0.00007436	0.00019806	0.00014598	0.07692716	0.06864354	0.07552681	0.06974169	0.07236711	0.06372291	0.07087938	0.06447994	0.12615385	0.11097822	0.11328245	0.11473998	0.12102564	0.10835839	0.10946829	0.11200075			
105	dahsehntrahlahzeynahn (w:decentralization)	D.AH.S.EH.N.T.R.AH.L.AH.Z.EY.N.AH.N	D.AH0.S.EH2.N.T.R.AH0.L.AH0.Z.EY1.N.AH0.N	6	15	0	0	0	0	0	0	0	0	0.00804515	0.00529491	0.00775400	0.00704169	0.00698783	0.00358264	0.00656222	0.00541436	0.00033704	0.00014512	0.00030470	0.00026590	0.00020124	0.00006380	0.00016763	0.00012463	0.07774349	0.08198623	0.07736497	0.08005676	0.07318343	0.07706560	0.07271753	0.07479501	0.12820513	0.11150600	0.11410296	0.11526031	0.12307692	0.10888617	0.11028880	0.11252108			
106	dahsehntrahlahzeyshahz (w:decentralization)	D.AH.S.EH.N.T.R.AH.L.AH.Z.EY.SH.AH.Z	D.AH0.S.EH2.N.T.R.AH0.L.AH0.Z.EY1.SH.AH0.Z	6	15	0	0	0	0	0	0	0	0	0.00644561	0.00369994	0.00606942	0.00532866	0.00553704	0.00242062	0.00507835	0.00408208	0.00047191	0.00017177	0.00039841	0.00032720	0.00034033	0.00009177	0.00026513	0.00019141	0.07094077	0.07740716	0.07357872	0.07840817	0.06638071	0.07248653	0.06893129	0.07314641	0.13230769	0.13187243	0.12521429	0.13649987	0.12717949	0.12925260	0.12140013	0.13376064			
107	dahsehntrahlahzeyshiyn (w:decentralization)	D.AH.S.EH.N.T.R.AH.L.AH.Z.EY.SH.IY.N	D.AH0.S.EH2.N.T.R.AH0.L.AH0.Z.EY1.SH.IY0.N	6	15	0	0	0	0	0	0	0	0	0.00592123	0.00346375	0.00557934	0.00495602	0.00488089	0.00203466	0.00445497	0.00359570	0.00033036	0.00013902	0.00029168	0.00025717	0.00019486	0.00005859	0.00015465	0.00011752	0.06971075	0.08148423	0.07484089	0.08278963	0.06515070	0.07656361	0.07019345	0.07752788	0.11076923	0.11768923	0.10818190	0.12378577	0.10564103	0.11506940	0.10436773	0.12104655			
108	dahsehntrahlahzeyvahn (w:decentralization)	D.AH.S.EH.N.T.R.AH.L.AH.Z.EY.V.AH.N	D.AH0.S.EH2.N.T.R.AH0.L.AH0.Z.EY1.V.AH0.N	6	15	0	0	0	0	0	0	0	0	0.00763429	0.00500348	0.00734792	0.00667559	0.00658324	0.00336957	0.00617523	0.00511280	0.00033809	0.00016189	0.00031253	0.00028648	0.00020463	0.00008236	0.00017810	0.00015035	0.07112217	0.06413475	0.06873910	0.06464298	0.06656212	0.05921412	0.06409166	0.05938123	36821478.52410256	0.10956155	0.11123117	0.11311396	36821459.31897436	0.10694172	0.10741701	0.11037474			
109	dahsehntrahlahzeyzahn (w:decentralization)	D.AH.S.EH.N.T.R.AH.L.AH.Z.EY.Z.AH.N	D.AH0.S.EH2.N.T.R.AH0.L.AH0.Z.EY1.Z.AH0.N	6	15	0	0	0	0	0	0	0	0	0.00765114	0.00500868	0.00734689	0.00667323	0.00658601	0.00335472	0.00616225	0.00508979	0.00033416	0.00015487	0.00031294	0.00028491	0.00020056	0.00007559	0.00017853	0.00014876	0.07719927	0.06771475	0.07387696	0.06839511	0.07263922	0.06279412	0.06922952	0.06313335	0.12717949	0.10983933	0.11174399	0.11343917	0.12205128	0.10721950	0.10792983	0.11069994			
110	dahsehntrahlahzihshahn (w:decentralization)	D.AH.S.EH.N.T.R.AH.L.AH.Z.IH.SH.AH.N	D.AH0.S.EH2.N.T.R.AH0.L.AH0.Z.IH0.SH.AH0.N	6	15	0	0	0	0	0	0	0	0	0.00825180	0.00515460	0.00789168	0.00704850	0.00709769	0.00346435	0.00660097	0.00538522	0.00062982	0.00023570	0.00057654	0.00046102	0.00045390	0.00013506	0.00039098	0.00028684	0.07464657	0.06485411	0.07043098	0.06548062	0.07008652	0.05996712	0.06584179	0.06025817	0.13128205	0.11014489	0.11225681	0.11363429	0.12615385	0.10919172	0.11069906	0.11271620			
111	dahsehntrahlahziyshahn (w:decentralization)	D.AH.S.EH.N.T.R.AH.L.AH.Z.IY.SH.AH.N	D.AH0.S.EH2.N.T.R.AH0.L.AH0.Z.IY0.SH.AH0.N	6	15	0	0	0	0	0	0	0	0	0.00800901	0.00509368	0.00767937	0.00690053	0.00695229	0.00344083	0.00649156	0.00531440	0.00058111	0.00021755	0.00052302	0.00042275	0.00045146	0.00013500	0.00039038	0.00028667	0.07767172	0.06975864	0.07357969	0.07058439	0.07322511	0.06486358	0.06898080	0.06534884	36821478.52102565	0.10761711	0.10846194	0.11096762	36821459.31897436	0.10694172	0.10741701	0.11037474			
112	dahsehntrahleyzeyshahn (w:decentralization)	D.AH.S.EH.N.T.R.AH.L.EY.Z.EY.SH.AH.N	D.AH0.S.EH2.N.T.R.AH0.L.EY2.Z.EY1.SH.AH0.N	6	15	0	0	0	0	0	0	0	0	0.00782498	0.00478755	0.00742860	0.00670789	0.00668272	0.00312193	0.00615082	0.00502661	0.00073693	0.00025010	0.00063202	0.00049351	0.00059503	0.00016328	0.00049076	0.00035119	0.06298103	0.05476299	0.05892576	0.05517748	0.05776365	0.04852773	0.05366735	0.04877953	0.11897436	0.10842267	0.10928245	0.11207331	36821459.31282052	0.10569172	0.10526316	0.10920401			
113	dahsehntrahliyzeyshahn (w:decentralization)	D.AH.S.EH.N.T.R.AH.L.IY.Z.EY.SH.AH.N	D.AH0.S.EH2.N.T.R.AH0.L.IY0.Z.EY1.SH.AH0.N	6	15	0	0	0	0	0	0	0	0	0.00830480	0.00514361	0.00788642	0.00718723	0.00721032	0.00337903	0.00662444	0.00547706	0.00076207	0.00030453	0.00066681	0.00055276	0.00062936	0.00019189	0.00052824	0.00040226	0.06648331	0.05837515	0.06291211	0.05910625	0.06190272	0.05336839	0.05820632	0.05381056	0.12000000	0.11347822	0.11379527	0.11675624	0.11487179	0.11085839	0.10998111	0.11401701			
114	dahsehntrahnahzeyshahn (w:decentralization)	D.AH.S.EH.N.T.R.AH.N.AH.Z.EY.SH.AH.N	D.AH0.S.EH2.N.T.R.AH0.N.AH0.Z.EY1.SH.AH0.N	6	15	0	0	0	0	0	0	0	0	0.00886599	0.00636193	0.00860903	0.00793184	0.00777185	0.00434528	0.00732897	0.00604994	0.00079782	0.00030408	0.00069512	0.00057755	0.00065853	0.00019301	0.00055015	0.00041022	0.07341012	0.06753744	0.07115569	0.06717224	0.06884985	0.06261573	0.06650685	0.06190938	0.13435897	0.11634417	0.12066884	0.12061796	0.12923077	0.11372433	0.11685467	0.11787874			
115	dahsehntrahngahzeyshahn (w:decentralization)	D.AH.S.EH.N.T.R.AH.NG.AH.Z.EY.SH.AH.N	D.AH0.S.EH2.N.T.R.AH0.NG.AH0.Z.EY1.SH.AH0.N	6	15	0	0	0	0	0	0	0	0	0.00650991	0.00438882	0.00630589	0.00577992	0.00550704	0.00283116	0.00517813	0.00426128	0.00065771	0.00023200	0.00057445	0.00046080	0.00054699	0.00015018	0.00045212	0.00032779	0.07003954	0.06167166	0.06648188	0.06231089	0.06547957	0.05675123	0.06183473	0.05704934	36821439.06153847	0.11337948	0.11635849	0.11728160	36821457.18974360	0.11075965	0.11254433	0.11454237			
116	dahsehntrahshahzeyshahn (w:decentralization)	D.AH.S.EH.N.T.R.AH.SH.AH.Z.EY.SH.AH.N	D.AH0.S.EH2.N.T.R.AH0.SH.AH0.Z.EY1.SH.AH0.N	6	15	0	0	0	0	0	0	0	0	0.00702898	0.00453298	0.00676800	0.00611141	0.00606257	0.00298065	0.00567537	0.00462249	0.00066557	0.00023497	0.00058461	0.00046685	0.00055079	0.00015104	0.00045576	0.00032982	0.06865766	0.05984101	0.06504926	0.06013331	0.06409781	0.05492098	0.06040262	0.05487233	0.12923077	0.11817453	0.12076462	0.12177053	0.12410256	0.11555470	0.11695046	0.11903130			
117	dahsehntrahtahzeyshahn (w:decentralization)	D.AH.S.EH.N.T.R.AH.T.AH.Z.EY.SH.AH.N	D.AH0.S.EH2.N.T.R.AH0.T.AH0.Z.EY1.SH.AH0.N	6	15	0	0	0	0	0	0	0	0	0.00757997	0.00638869	0.00742298	0.00681406	0.00658163	0.00429677	0.00626746	0.00519468	0.00072332	0.00025115	0.00062913	0.00049953	0.00060235	0.00016898	0.00050320	0.00036689	0.07378263	0.06715651	0.07075532	0.06652486	0.06922232	0.06223489	0.06610662	0.06126217	0.13538462	0.11781362	0.12239297	0.12189185	0.13025641	0.11519378	0.11857881	0.11915262			
118	dahsehntrahzahzeyshahn (w:decentralization)	D.AH.S.EH.N.T.R.AH.Z.AH.Z.EY.SH.AH.N	D.AH0.S.EH2.N.T.R.AH0.Z.AH0.Z.EY1.SH.AH0.N	6	15	0	0	0	0	0	0	0	0	0.00676379	0.00471910	0.00656396	0.00603392	0.00579807	0.00314416	0.00547717	0.00453780	0.00067356	0.00023597	0.00059042	0.00047086	0.00056246	0.00015424	0.00046807	0.00033828	0.07310371	0.06203299	0.06815274	0.06250103	0.06854346	0.05711248	0.06350498	0.05723942	36821469.99487181	0.11337948	0.11635849	0.11728160	36821463.58974359	0.11075965	0.11254433	0.11454237			
119	dahsehntraylahzeyshahn (w:decentralization)	D.AH.S.EH.N.T.R.AY.L.AH.Z.EY.SH.AH.N	D.AH0.S.EH2.N.T.R.AY2.L.AH0.Z.EY1.SH.AH0.N	6	15	0	0	0	0	0	0	0	0	0.00645892	0.00448319	0.00626111	0.00577560	0.00546550	0.00276601	0.00506383	0.00412345	0.00061869	0.00023197	0.00053871	0.00043968	0.00051062	0.00013719	0.00041702	0.00029833	0.06350623	0.05467279	0.05880681	0.05463307	0.05889776	0.04974424	0.05413842	0.04936024	0.12820513	0.09351588	0.10556957	0.09618366	36821463.58871795	0.09083977	0.10165091	0.09337856			
120	dahsehntreylahzeyshahn (w:decentralization)	D.AH.S.EH.N.T.R.EY.L.AH.Z.EY.SH.AH.N	D.AH0.S.EH2.N.T.R.EY0.L.AH0.Z.EY1.SH.AH0.N	6	15	0	0	0	0	0	0	0	0	0.00662743	0.00455122	0.00641015	0.00581526	0.00544380	0.00276478	0.00505145	0.00412009	0.00063755	0.00022013	0.00055832	0.00043968	0.00050832	0.00013711	0.00041640	0.00029820	0.06451303	0.05540027	0.05989968	0.05548943	0.05828921	0.04953974	0.05381389	0.04911687	36821439.06051282	0.09345960	0.10546507	0.09611779	36821463.58871795	0.09083977	0.10165091	0.09337856			
121	dahsehntrihlahzeyshahn (w:decentralization)	D.AH.S.EH.N.T.R.IH.L.AH.Z.EY.SH.AH.N	D.AH0.S.EH2.N.T.R.IH0.L.AH0.Z.EY1.SH.AH0.N	6	15	0	0	0	0	0	0	0	0	0.00711213	0.00479860	0.00692014	0.00633434	0.00582231	0.00293960	0.00547660	0.00449106	0.00067316	0.00025814	0.00058690	0.00046869	0.00052664	0.00014803	0.00043796	0.00032164	0.06805561	0.05873893	0.06317590	0.05915288	0.06296605	0.05361361	0.05818647	0.05364962	0.13230769	0.09483852	0.10755494	0.09763294	0.12410256	0.09134631	0.10248686	0.09383970			
122	dahsehntriylahzeyshahn (w:decentralization)	D.AH.S.EH.N.T.R.IY.L.AH.Z.EY.SH.AH.N	D.AH0.S.EH2.N.T.R.IY0.L.AH0.Z.EY1.SH.AH0.N	6	15	0	0	0	0	0	0	0	0	0.00708131	0.00502104	0.00688600	0.00642250	0.00593517	0.00306806	0.00554451	0.00460678	0.00064724	0.00026912	0.00057200	0.00047604	0.00053586	0.00015183	0.00044701	0.00032733	0.06578655	0.06126269	0.06200569	0.05991781	0.06110283	0.05628934	0.05726621	0.05461244	0.12820513	0.09495109	0.10734595	0.09769882	0.12307692	0.09233125	0.10353179	0.09495959			
123	dahsehntruwlahzeyshahn (w:decentralization)	D.AH.S.EH.N.T.R.UW.L.AH.Z.EY.SH.AH.N	D.AH0.S.EH2.N.T.R.UW0.L.AH0.Z.EY1.SH.AH0.N	6	15	0	0	0	0	0	0	0	0	0.00642655	0.00433747	0.00622007	0.00570266	0.00545765	0.00276702	0.00506241	0.00412571	0.00061477	0.00021733	0.00053307	0.00042814	0.00050967	0.00013723	0.00041715	0.00029842	0.06317564	0.05492770	0.05892864	0.05485814	0.05839814	0.04980350	0.05398728	0.04939321	0.13230769	0.09587975	0.10901784	0.09875283	0.12307692	0.09095233	0.10185990	0.09351031			
124	dahsehntshahlahzeyshahn (w:decentralization)	D.AH.S.EH.N.T.SH.AH.L.AH.Z.EY.SH.AH.N	D.AH0.S.EH2.N.T.SH.AH0.L.AH0.Z.EY1.SH.AH0.N	6	15	0	0	0	0	0	0	0	0	0.00761412	0.00474804	0.00718998	0.00638159	0.00676396	0.00324790	0.00618210	0.00497056	0.00061738	0.00021003	0.00053290	0.00041547	0.00052297	0.00014412	0.00043147	0.00030889	0.07041322	0.06188125	0.06675388	0.06232872	0.06585349	0.05696155	0.06210722	0.05706803	36821461.46256411	0.10879659	0.11121220	0.11225745	36821441.19076924	0.10617676	0.10739804	0.10951822			
125	dahsehntzahlahzeyshahn (w:decentralization)	D.AH.S.EH.N.T.Z.AH.L.AH.Z.EY.SH.AH.N	D.AH0.S.EH2.N.T.Z.AH0.L.AH0.Z.EY1.SH.AH0.N	6	15	0	0	0	0	0	0	0	0	0.00721811	0.00464145	0.00683413	0.00613192	0.00635776	0.00315357	0.00582347	0.00472631	0.00061175	0.00019548	0.00051966	0.00039326	0.00051537	0.00012922	0.00041620	0.00028424	0.07358365	0.06453397	0.06938451	0.06485731	0.06902197	0.05961075	0.06473381	0.05959291	0.13025641	0.11028808	0.11309308	0.11383847	0.12512821	0.10766825	0.10927892	0.11109925			
126	dahserntrahlahzeyshahn (w:decentralization)	D.AH.S.ER.N.T.R.AH.L.AH.Z.EY.SH.AH.N	D.AH0.S.ER0.N.T.R.AH0.L.AH0.Z.EY1.SH.AH0.N	6	15	0	0	0	0	0	0	0	0	0.00773851	0.00463301	0.00735022	0.00636481	0.00720824	0.00347926	0.00669292	0.00542688	0.00062472	0.00019116	0.00052190	0.00038588	0.00059910	0.00016549	0.00049388	0.00035572	0.07311432	0.06474014	0.06977152	0.06511652	0.06980519	0.06097423	0.06632783	0.06124705	0.13538462	0.11453741	0.11821325	0.11858156	0.13025641	0.11191758	0.11439908	0.11584233			
127	dahseyntrahlahzeyshahn (w:decentralization)	D.AH.S.EY.N.T.R.AH.L.AH.Z.EY.SH.AH.N	D.AH0.S.EY2.N.T.R.AH0.L.AH0.Z.EY1.SH.AH0.N	6	15	0	0	0	0	0	0	0	0	0.00771234	0.00469782	0.00735849	0.00640723	0.00711200	0.00343830	0.00659089	0.00533738	0.00063009	0.00019369	0.00053129	0.00039072	0.00059842	0.00016301	0.00049204	0.00035231	0.06993979	0.06187175	0.06644992	0.06211169	0.06640652	0.05777997	0.06265917	0.05783591	36821461.46564104	0.11408715	0.11748179	0.11805455	36821441.19384616	0.11146732	0.11366763	0.11531532			
128	dahsihntrahlahzeyshahn (w:decentralization)	D.AH.S.IH.N.T.R.AH.L.AH.Z.EY.SH.AH.N	D.AH0.S.IH0.N.T.R.AH0.L.AH0.Z.EY1.SH.AH0.N	6	15	0	0	0	0	0	0	0	0	0.00963716	0.00620630	0.00911609	0.00823339	0.00877951	0.00458849	0.00810407	0.00687197	0.00077124	0.00025481	0.00064621	0.00049196	0.00067902	0.00020048	0.00056192	0.00041283	0.07357464	0.06553290	0.07055091	0.06681244	0.06940855	0.06130482	0.06638817	0.06226041	0.13641026	0.11524094	0.11915368	0.11943795	0.13025641	0.11256483	0.11523503	0.11663284			
129	dahsiyntrahlahzeyshahn (w:decentralization)	D.AH.S.IY.N.T.R.AH.L.AH.Z.EY.SH.AH.N	D.AH0.S.IY0.N.T.R.AH0.L.AH0.Z.EY1.SH.AH0.N	6	15	0	0	0	0	0	0	0	0	0.00784649	0.00475900	0.00744769	0.00643610	0.00720963	0.00347431	0.00668192	0.00539847	0.00064344	0.00020339	0.00054367	0.00040322	0.00060927	0.00016591	0.00050280	0.00035886	0.07175789	0.06595496	0.06887742	0.06490375	0.06818193	0.06171100	0.06502036	0.06055055	0.13538462	0.11459369	0.11831774	0.11858156	0.13025641	0.11197386	0.11450358	0.11584233			
130	dahsowntrahlahzeyshahn (w:decentralization)	D.AH.S.OW.N.T.R.AH.L.AH.Z.EY.SH.AH.N	D.AH0.S.OW0.N.T.R.AH0.L.AH0.Z.EY1.SH.AH0.N	6	15	0	0	0	0	0	0	0	0	0.00767287	0.00472590	0.00727589	0.00629428	0.00711038	0.00344386	0.00659328	0.00534651	0.00062445	0.00018728	0.00051941	0.00037924	0.00059842	0.00016301	0.00049204	0.00035231	0.07005963	0.06182335	0.06646402	0.06203413	0.06673933	0.05780635	0.06289681	0.05796435	0.13538462	0.11695756	0.12082558	0.12055784	0.13025641	0.11433773	0.11701141	0.11781861			
131	dahsoyntrahlahzeyshahn (w:decentralization)	D.AH.S.OY.N.T.R.AH.L.AH.Z.EY.SH.AH.N	D.AH0.S.OY0.N.T.R.AH0.L.AH0.Z.EY1.SH.AH0.N	6	15	0	0	0	0	0	0	0	0	0.00756002	0.00451240	0.00715188	0.00616234	0.00709677	0.00343680	0.00658126	0.00533389	0.00062734	0.00019438	0.00052562	0.00039115	0.00059896	0.00016302	0.00049214	0.00035233	0.06904776	0.06122555	0.06563586	0.06134832	0.06621635	0.05757708	0.06248301	0.05766086	36821469.99897437	0.11408715	0.11748179	0.11805455	36821457.19384616	0.11146732	0.11366763	0.11531532			
132	dahtehntrahlahzeyshahn (w:decentralization)	D.AH.T.EH.N.T.R.AH.L.AH.Z.EY.SH.AH.N	D.AH0.T.EH2.N.T.R.AH0.L.AH0.Z.EY1.SH.AH0.N	6	15	0	0	0	0	0	0	0	0	0.00808152	0.00568373	0.00773180	0.00684814	0.00708754	0.00381470	0.00659457	0.00533614	0.00073602	0.00025808	0.00063876	0.00050493	0.00061321	0.00016902	0.00050373	0.00036095	0.06973932	0.06668023	0.06666367	0.06331276	0.06518006	0.06175720	0.06201744	0.05805065	0.12205128	0.07637785	0.08676079	0.08017576	0.11692308	0.07375802	0.08294663	0.07743653			
133	dahTHehntrahlahzeyshahn (w:decentralization)	D.AH.TH.EH.N.T.R.AH.L.AH.Z.EY.SH.AH.N	D.AH0.TH.EH2.N.T.R.AH0.L.AH0.Z.EY1.SH.AH0.N	6	15	0	0	0	0	0	0	0	0	0.00739372	0.00454595	0.00701448	0.00619064	0.00656501	0.00327438	0.00609537	0.00495378	0.00068835	0.00022842	0.00058491	0.00045044	0.00059910	0.00016462	0.00049023	0.00035216	0.06601678	0.05903110	0.06274869	0.05861845	0.06145999	0.05411255	0.05811036	0.05336263	36821436.91589745	0.07553361	0.08540238	0.07925349	36821437.97743591	0.07291378	0.08158822	0.07651427			
134	dahvehntrahlahzeyshahn (w:decentralization)	D.AH.V.EH.N.T.R.AH.L.AH.Z.EY.SH.AH.N	D.AH0.V.EH2.N.T.R.AH0.L.AH0.Z.EY1.SH.AH0.N	6	15	0	0	0	0	0	0	0	0	0.00751146	0.00496091	0.00714341	0.00632564	0.00660817	0.00359721	0.00613884	0.00499867	0.00070721	0.00023280	0.00060016	0.00046024	0.00060303	0.00016512	0.00049256	0.00035354	0.06721693	0.06010066	0.06389063	0.05995959	0.06265934	0.05518149	0.05925000	0.05470198	0.11794872	0.07705324	0.08759674	0.08090040	0.11282051	0.07443341	0.08378257	0.07816117			
135	dahzehntrahlahzeyshahn (w:decentralization)	D.AH.Z.EH.N.T.R.AH.L.AH.Z.EY.SH.AH.N	D.AH0.Z.EH2.N.T.R.AH0.L.AH0.Z.EY1.SH.AH0.N	6	15	0	0	0	0	0	0	0	0	0.00754250	0.00482497	0.00718921	0.00637358	0.00669264	0.00353178	0.00624674	0.00511388	0.00069791	0.00024582	0.00059608	0.00046922	0.00060005	0.00016456	0.00049013	0.00035221	0.06710003	0.06046089	0.06407592	0.06034056	0.06254252	0.05554150	0.05943491	0.05508243	36821477.44923079	0.07553361	0.08540238	0.07925349	36821435.84410258	0.07291378	0.08158822	0.07651427			
