Indx	Word	UnTrn	StTrn	NSyll	NPhon	unsDENS	unsFDEN	unsLDEN	unsCDEN	strDENS	strFDEN	strLDEN	strCDEN	unsBPAV	unsFBPAV	unsLBPAV	unsCBPAV	strBPAV	strFBPAV	strLBPAV	strCBPAV	unsTPAV	unsFTPAV	unsLTPAV	unsCTPAV	strTPAV	strFTPAV	strLTPAV	strCTPAV	unsPOSPAV	unsFPOSPAV	unsLPOSPAV	unsCPOSPAV	strPOSPAV	strFPOSPAV	strLPOSPAV	strCPOSPAV	unsLCPOSPAV	unsFLCPOSPAV	unsLLCPOSPAV	unsCLCPOSPAV	strLCPOSPAV	strFLCPOSPAV	strLLCPOSPAV	strCLCPOSPAV			
1	aech (w:each)	AE.CH	AE1.CH	1	2	25	9365.02	39.59	52720	25	9365.02	39.59	52720	0.00050598	0.00022310	0.00053694	0.00050006	0.00048790	0.00018532	0.00052221	0.00044653	0	0	0	0	0	0	0	0	0.01217040	0.01313097	0.01072399	0.00986286	0.00735348	0.01211966	0.00777408	0.00826487	0.02814570	0.01187639	0.02662620	0.03079589	0.02735712	0.01045042	0.02578991	0.02921820			
2	aef (w:f)	AE.F	AE0.F	1	2	24	13883.65	39.66	63665	3	4771.45	8.33	17247	0.00078225	0.00058368	0.00075973	0.00082834	0.00002262	0.00000466	0.00002781	0.00001204	0	0	0	0	0	0	0	0	0.01415572	0.01599953	0.01264651	0.01275504	0.00450163	0.00309503	0.00401003	0.00418975	0.02483444	0.01689231	0.02858606	0.03777630	11884976.00483871	0.00491198	0.00689307	0.01096698			
3	aej (w:age)	AE.JH	AE1.JH	1	2	18	8967.2	30.84	43721	18	8967.2	30.84	43721	0.00025765	0.00013436	0.00033430	0.00028480	0.00023264	0.00011694	0.00030749	0.00026151	0	0	0	0	0	0	0	0	0.01300326	0.01310576	0.01126117	0.01000463	0.00818400	0.01209585	0.00830838	0.00840508	0.02483444	0.01166576	0.02505662	0.02879257	0.02413132	0.01025701	0.02425904	0.02729912			
4	aer (w:air)	AE.R	AE1.R	1	2	23	17584.52	47.66	74912	23	17584.52	47.66	74912	0.00024213	0.00016139	0.00040517	0.00027352	0.00023264	0.00015281	0.00040584	0.00027692	0	0	0	0	0	0	0	0	0.05572150	0.03161397	0.05177852	0.04450860	0.05078178	0.02957412	0.04860849	0.04253142	0.03311259	0.02133645	0.03986157	0.04968202	0.03219583	0.01913735	0.03869891	0.04731018			
5	aeTH (w:earth)	AE.TH	AE0.TH	1	2	24	9038.48	34.77	45070	4	116.25	3.95	2904	0.00024523	0.00010827	0.00031160	0.00020609	0.00001616	0.00000179	0.00001151	0.00000497	0	0	0	0	0	0	0	0	0.01271273	0.01303504	0.01100432	0.00976801	0.00306271	0.00029550	0.00237664	0.00123541	0.02649007	0.01167349	0.02486997	0.02825557	11871016.00645162	0.00011968	0.00326863	0.00184659			
6	aev (w:ad)	AE.V	AE1.V	1	2	17	26608.53	34.66	56790	17	26608.53	34.66	56790	0.00045942	0.00263060	0.00045998	0.00057749	0.00043297	0.00250788	0.00045268	0.00058268	0	0	0	0	0	0	0	0	0.01683832	0.02063197	0.01346236	0.01375797	0.01200824	0.01920325	0.01049776	0.01211734	0.02483444	0.02455417	0.02634622	0.03222569	0.02413132	0.02209208	0.02551684	0.03058788			
7	ahb (w:abe)	AH.B	AH1.B	1	2	23	47279.6	41.87	63265	23	17962.86	26.31	34090	0.00432413	0.00260814	0.00346767	0.00286398	0.00063331	0.00031506	0.00071709	0.00067147	0	0	0	0	0	0	0	0	0.02601660	0.03800594	0.02260442	0.02278037	0.00563129	0.01075863	0.00482075	0.00554170	0.01986755	0.03407595	0.02477327	0.03294706	0.01931853	0.01973311	0.01460109	0.01809038			
8	ahch (w:each)	AH.CH	AH1.CH	1	2	18	48953.12	50.16	86190	18	19636.38	34.6	57015	0.00024213	0.00063242	0.00037549	0.00065485	0.00009047	0.00056790	0.00021301	0.00056508	0	0	0	0	0	0	0	0	0.02253018	0.03616514	0.02036815	0.02126471	0.00215471	0.00902027	0.00259648	0.00404262	0.01986755	0.03440151	0.02876086	0.03727895	0.01931853	0.02003206	0.01849034	0.02224012			
9	ahj (w:age)	AH.JH	AH1.JH	1	2	15	47420.97	42.21	67099	15	18104.23	26.65	37924	0.00162038	0.00047078	0.00145645	0.00107991	0.00017771	0.00005760	0.00015591	0.00012193	0	0	0	0	0	0	0	0	0.02336305	0.03613994	0.02090533	0.02140647	0.00298523	0.00899646	0.00313078	0.00418283	0.01655629	0.03419088	0.02719127	0.03527564	0.01609273	0.01983865	0.01695947	0.02032105			
10	ahk (w:ache)	AH.K	AH1.K	1	2	31	47910.44	52.21	71417	29	18586.17	35.68	41904	0.00374985	0.00154469	0.00361926	0.00284213	0.00091765	0.00070257	0.00112134	0.00101747	0	0	0	0	0	0	0	0	0.03692132	0.03940846	0.03224490	0.02949224	0.01650526	0.01208310	0.01440956	0.01218012	0.02317881	0.03408209	0.02589319	0.03307518	0.02254435	0.01973875	0.01569339	0.01821311			
11	ahr (w:air)	AH.R	AH1.R	1	2	16	55960.79	56.27	96698	16	26644.05	40.71	67523	0.00007450	0.00001674	0.00007275	0.00002158	0.00001292	0.00000859	0.00003225	0.00001117	0	0	0	0	0	0	0	0	0.06608129	0.05464814	0.06142268	0.05591044	0.04558301	0.02647473	0.04343089	0.03830918	0.02483444	0.04386157	0.04199623	0.05616509	0.02415725	0.02871898	0.03139933	0.04033211			
12	ahsh (w:ash)	AH.SH	AH1.SH	1	2	18	47336.41	41.85	64683	18	18019.67	26.29	35508	0.00037871	0.00015301	0.00045544	0.00035450	0.00021649	0.00008031	0.00029518	0.00020470	0	0	0	0	0	0	0	0	0.02267545	0.03604884	0.02046978	0.02113241	0.00229957	0.00891044	0.00269757	0.00391178	0.01490067	0.03407928	0.02468844	0.03292051	0.01447983	0.01973617	0.01451834	0.01806495			
13	aog (w:egg)	AO.G	AO0.G	1	2	21	15396.85	28.87	41728	4	42.28	3.16	1224	0.00024523	0.00013209	0.00024162	0.00019656	0.00002262	0.00000187	0.00001516	0.00000545	0	0	0	0	0	0	0	0	0.00637146	0.00963390	0.00664086	0.00848920	0.00311955	0.00109332	0.00258109	0.00290558	0.02152318	0.01975541	0.01838106	0.02439611	12135968.00645162	0.00004353	0.00261490	0.00077832			
14	aok (w:ache)	AO.K	AO0.K	1	2	26	16238.55	30.65	50039	7	12.32	2.64	398	0.00037250	0.00089452	0.00049187	0.00098838	0.00002262	0.00000164	0.00001288	0.00000451	0	0	0	0	0	0	0	0	0.01837052	0.01209886	0.01665558	0.01470538	0.01508479	0.00342111	0.01254212	0.00905372	0.02649007	0.01972182	0.01793988	0.02384782	12136096.01129033	0.00001269	0.00218460	0.00025308			
15	aom (w:aim)	AO.M	AO0.M	1	2	19	27012.63	40.79	68951	7	11820.55	18.37	31266	0.00007760	0.00003640	0.00008460	0.00005387	0.00001616	0.00000165	0.00001185	0.00000394	0	0	0	0	0	0	0	0	0.01261795	0.01514483	0.01136858	0.01190868	0.00934843	0.00629758	0.00728347	0.00628763	0.02649007	0.03295972	0.03128554	0.04433767	12136224.01129033	0.01216868	0.01520117	0.01988135			
16	aop (w:ape)	AO.P	AO0.P	1	2	15	18951.15	27.32	48881	5	3683.58	5.35	8659	0.00008381	0.00013267	0.00014307	0.00026393	0.00000000	0.00000000	0.00000000	0.00000000	0	0	0	0	0	0	0	0	0.01281164	0.01199621	0.01294753	0.01280073	0.00954157	0.00332418	0.00885395	0.00716992	0.02317881	0.02383758	0.02023910	0.02933138	12136352.00806452	0.00379207	0.00442712	0.00550607			
17	aov (w:all)	AO.V	AO1.V	1	2	14	26743.99	26.29	45639	14	26741.72	25.78	45540	0.00000931	0.00000050	0.00000465	0.00000138	0.00000969	0.00000047	0.00000479	0.00000140	0	0	0	0	0	0	0	0	0.00864731	0.01635655	0.00751719	0.01037294	0.00749555	0.01524638	0.00664955	0.00954378	0.01986755	0.03271902	0.02052756	0.02948140	0.01930817	0.02926496	0.01946576	0.02792599			
18	aoz (w:as)	AO.Z	AO0.Z	1	2	31	32621.57	44.62	73850	9	11487.58	13.48	22653	0.00018315	0.00282660	0.00029543	0.00068907	0.00000323	0.00000005	0.00000057	0.00000013	0	0	0	0	0	0	0	0	0.00423119	0.01399779	0.00518426	0.00766012	0.00098532	0.00521437	0.00113230	0.00208557	0.02980132	0.03258643	0.02713676	0.03862045	12136608.01451613	0.01182590	0.01115470	0.01440454			
19	ayb (w:abe)	AY.B	AY0.B	1	2	16	40461.12	18.62	19717	5	6.84	1.32	205	0.00032904	0.00006128	0.00029222	0.00014995	0.00003877	0.00000524	0.00003841	0.00001309	0	0	0	0	0	0	0	0	0.00588763	0.02167370	0.00457070	0.00427791	0.00434609	0.00214728	0.00307628	0.00256790	0.01986755	0.00041679	0.00681807	0.00490929	12136736.00806452	0.00000704	0.00109230	0.00013036			
20	ayey (w:array)	AY.EY	AY0.EY1	2	2	29	77933.66	73.13	96933	21	37489.74	57.53	77746	0.00000931	0.00000022	0.00000233	0.00000056	0.00000646	0.00000015	0.00000171	0.00000049	0	0	0	0	0	0	0	0	0.01614349	0.03622406	0.02172728	0.02600875	0.01393566	0.01584924	0.01977167	0.02390949	0.04470199	0.01954500	0.05006210	0.05072403	12136864.03225807	0.01757196	0.04326995	0.04401862			
21	ayg (w:egg)	AY.G	AY0.G	1	2	12	40490.95	19.52	20541	4	42.28	3.16	1224	0.00013348	0.00001779	0.00008382	0.00003249	0.00004200	0.00000227	0.00001698	0.00000650	0	0	0	0	0	0	0	0	0.00479328	0.02061126	0.00419648	0.00477360	0.00325483	0.00114397	0.00270406	0.00305817	0.01821192	0.00045652	0.00837917	0.00558569	12136992.00645162	0.00004353	0.00261490	0.00077832			
22	ayiy (w:io)	AY.IY	AY1.IY2	2	2	34	131222.82	102.47	123324	8	40448.67	16.36	19317	0.00001863	0.00000869	0.00003411	0.00001724	0.00000323	0.00000450	0.00001265	0.00000718	0	0	0	0	0	0	0	0	0.02735812	0.07331138	0.02852611	0.03270887	0.00396024	0.01892130	0.00267464	0.00269506	0.04635762	0.10207751	0.07503112	0.07273529	12137136.01125402	0.00035955	0.00551006	0.00452124			
23	ayp (w:ape)	AY.P	AY0.P	1	2	18	44234.98	27.19	31505	5	3683.58	5.35	8659	0.00050598	0.00009872	0.00037029	0.00021459	0.00004524	0.00000114	0.00001219	0.00000327	0	0	0	0	0	0	0	0	0.01123346	0.02297358	0.01050314	0.00908514	0.00967685	0.00337482	0.00897692	0.00732251	0.01986755	0.00453868	0.01023721	0.01052096	12137248.00806452	0.00379207	0.00442712	0.00550607			
24	ayt (w:at)	AY.T	AY0.T	1	2	29	73171.72	68.07	99321	8	26459.04	21.09	36410	0.00171351	0.00330383	0.00211741	0.00274057	0.00009693	0.00000713	0.00006040	0.00001857	0	0	0	0	0	0	0	0	0.01526221	0.03558672	0.01537559	0.01605463	0.01369423	0.01528608	0.01382324	0.01421573	0.02483444	0.03007164	0.02359136	0.02894178	12149072.01290323	0.02723829	0.01745197	0.02315230			
25	bae (w:b)	B.AE	B.AE1	1	2	25	13912.74	45.6	63739	25	13912.74	45.6	63739	0.00152105	0.00149105	0.00156973	0.00139429	0.00120845	0.00139487	0.00140296	0.00134957	0	0	0	0	0	0	0	0	0.06270935	0.04293051	0.06456801	0.05685225	0.05863703	0.04045577	0.06219090	0.05558630	0.01821192	0.01400873	0.02411719	0.02814306	0.01769526	0.01244327	0.02334637	0.02671301			
26	bah (w:le)	B.AH	B.AH0	1	2	33	88333.39	68.37	93284	20	82509.45	45.12	69315	0.00432723	0.00425550	0.00401801	0.00391359	0.00370936	0.00203898	0.00315158	0.00300680	0	0	0	0	0	0	0	0	0.06936258	0.08279127	0.07250527	0.07236592	0.05054432	0.05680025	0.05068110	0.04629218	0.02649007	0.06967005	0.03530787	0.03891304	0.02253397	0.06309699	0.03081869	0.03329943			
27	beh (w:b)	B.EH	B.EH1	1	2	22	8892.57	45.83	50169	22	8892.57	45.83	50169	0.00108026	0.00099664	0.00126489	0.00133873	0.00086918	0.00093110	0.00115690	0.00131884	0	0	0	0	0	0	0	0	0.06422012	0.04370973	0.06900022	0.06877437	0.05809623	0.04079381	0.06527829	0.06624300	0.01986755	0.01069718	0.02381176	0.02336842	0.01930817	0.00940236	0.02304847	0.02213914			
28	buh (w:b)	B.UH	B.UH0	1	2	14	8390.63	30.28	38917	9	8165.53	24.5	34480	0.00045321	0.00022185	0.00047437	0.00037471	0.00000969	0.00000080	0.00000729	0.00000192	0	0	0	0	0	0	0	0	0.03361717	0.02799277	0.03750885	0.03937372	0.02940477	0.01733476	0.03200730	0.03038659	12149600.01490066	0.01066146	0.02108833	0.02296683	12149592.01446946	0.00936957	0.02039219	0.02175444			
29	chae (w:cha)	CH.AE	CH.AE1	1	2	19	3070.83	14.74	9931	19	3070.83	14.74	9931	0.00026075	0.00020647	0.00039398	0.00036017	0.00024880	0.00019608	0.00039673	0.00036449	0	0	0	0	0	0	0	0	0.03800078	0.02659122	0.03878456	0.03184434	0.03397669	0.02491934	0.03650096	0.03076996	0.01821192	0.00339384	0.00825361	0.00584033	0.01769526	0.00311464	0.00800645	0.00558761			
30	cheh (w:cha)	CH.EH	CH.EH1	1	2	19	461.63	17.59	10136	19	461.63	17.59	10136	0.00030421	0.00024106	0.00039974	0.00042895	0.00026172	0.00022106	0.00036048	0.00041779	0	0	0	0	0	0	0	0	0.03951155	0.02737044	0.04321677	0.04376646	0.03343588	0.02525739	0.03958835	0.04142666	0.01986755	0.00008229	0.00794817	0.00106569	0.01930817	0.00007373	0.00770855	0.00101374			
31	cher (w:cha)	CH.ER	CH.ER1	1	2	30	21022.69	41.66	63272	27	5612.25	23.86	25270	0.00102748	0.00043859	0.00109325	0.00087273	0.00006139	0.00003017	0.00005368	0.00004650	0	0	0	0	0	0	0	0	0.02045250	0.01521934	0.02352261	0.02525131	0.01405394	0.00822422	0.01734341	0.01808010	0.04139073	0.01569840	0.02570563	0.02963518	0.03705010	0.00570655	0.01739029	0.01513595			
32	chih (w:cha)	CH.IH	CH.IH1	1	2	18	22815.23	18.27	12470	16	133.43	13.21	4008	0.00081330	0.00037151	0.00102083	0.00078062	0.00022618	0.00017910	0.00035980	0.00033464	0	0	0	0	0	0	0	0	0.05581053	0.05000111	0.05890791	0.05859047	0.03134994	0.02977951	0.03837416	0.04163028	0.01821192	0.02547453	0.00951775	0.00628108	12150112.01446946	0.00004093	0.00505227	0.00062904			
33	chuh (w:cha)	CH.UH	CH.UH0	1	2	10	35.77	6.11	998	9	35.67	6.07	997	0.00004967	0.00000788	0.00004385	0.00002201	0.00001292	0.00000061	0.00000604	0.00000146	0	0	0	0	0	0	0	0	0.00890860	0.01165347	0.01172540	0.01436581	0.00474443	0.00179833	0.00631736	0.00557025	12150240.01490066	0.00004658	0.00522474	0.00066410	12150232.01446946	0.00004093	0.00505227	0.00062904			
34	dae (w:d)	D.AE	D.AE1	1	2	24	13193.74	41.64	51455	24	13193.74	41.64	51455	0.00049357	0.00068714	0.00067646	0.00071727	0.00044590	0.00060611	0.00062409	0.00067687	0	0	0	0	0	0	0	0	0.06518795	0.04194749	0.06163851	0.05168034	0.06111079	0.03952105	0.05927202	0.05045401	0.02152318	0.01556708	0.02655311	0.02752692	0.02091069	0.01381279	0.02570188	0.02612941			
35	duh (w:d)	D.UH	D.UH0	1	2	11	9359.06	27.33	33555	11	9359.06	27.33	33555	0.00004967	0.00003519	0.00005847	0.00008107	0.00000323	0.00000007	0.00000080	0.00000016	0	0	0	0	0	0	0	0	0.03609577	0.02700974	0.03457934	0.03420181	0.03187854	0.01640004	0.02908842	0.02525430	12150496.01821192	0.01221981	0.02352425	0.02235069	12150488.01768489	0.01073909	0.02274771	0.02117083			
36	ehTH (w:earth)	EH.TH	EH0.TH	1	2	24	30883.19	45.52	48065	4	116.25	3.95	2904	0.00018315	0.00014175	0.00021172	0.00022336	0.00000646	0.00000022	0.00000262	0.00000076	0	0	0	0	0	0	0	0	0.01200594	0.01879187	0.01105921	0.01174355	0.00396138	0.00028700	0.00241347	0.00125440	0.02980133	0.03990199	0.03296961	0.02799646	12150608.00645162	0.00011968	0.00326863	0.00184659			
37	eraa (w:array)	ER.AA	ER0.AA1	2	2	28	8105.87	46.1	37516	20	7953.03	38.2	33715	0.00022350	0.00005510	0.00018282	0.00010469	0.00019064	0.00002980	0.00013767	0.00005851	0	0	0	0	0	0	0	0	0.03220052	0.02600120	0.03378006	0.03019189	0.02599763	0.02418856	0.03026970	0.02827503	0.04304636	0.00108443	0.02899535	0.01112324	0.02902189	0.00081504	0.02216372	0.00827685			
38	erae (w:array)	ER.AE	ER0.AE1	2	2	13	10093.7	20.69	28841	5	9940.86	12.79	25040	0.00028869	0.00002254	0.00015757	0.00005667	0.00025849	0.00002031	0.00014919	0.00005462	0	0	0	0	0	0	0	0	0.03500902	0.02890878	0.03466330	0.02935381	0.03035301	0.02695451	0.03169651	0.02767469	0.01986755	0.00354746	0.00988042	0.00770805	0.00644124	0.00307677	0.00352016	0.00500527			
39	erao (w:array)	ER.AO	ER0.AO1	2	2	26	7694.33	27.79	31933	18	7541.49	19.89	28132	0.00007760	0.00000512	0.00003776	0.00001184	0.00004200	0.00000222	0.00001846	0.00000429	0	0	0	0	0	0	0	0	0.01783844	0.02342323	0.02123272	0.02568425	0.01514297	0.02168316	0.01903240	0.02377769	0.03973510	0.00080896	0.01405465	0.00887565	0.02579608	0.00056207	0.00759146	0.00612377			
40	eraw (w:array)	ER.AW	ER0.AW1	2	2	29	14421.59	41.96	52636	21	14268.75	34.06	48835	0.00005588	0.00030221	0.00008847	0.00023528	0.00005170	0.00028815	0.00008878	0.00023900	0	0	0	0	0	0	0	0	0.00704024	0.00946233	0.00749311	0.00915731	0.00608454	0.00875500	0.00656059	0.00829992	0.04139073	0.00750824	0.02370120	0.01763966	0.02740899	0.00671384	0.01700013	0.01451926			
41	ereh (w:array)	ER.EH	ER0.EH1	2	2	15	7191.14	22.05	23039	7	7038.3	14.15	19238	0.00050909	0.00021616	0.00052797	0.00050051	0.00046205	0.00019736	0.00049713	0.00048426	0	0	0	0	0	0	0	0	0.03651980	0.02968800	0.03909550	0.04127593	0.02981221	0.02729256	0.03478390	0.03833139	0.02152318	0.00023591	0.00957498	0.00293341	0.00805415	0.00003586	0.00322226	0.00043140			
42	erih (w:array)	ER.IH	ER0.IH1	2	2	13	29789.73	22.18	29505	3	6955.09	9.22	17242	0.00165143	0.00048097	0.00136466	0.00114442	0.00026819	0.00008174	0.00024720	0.00019914	0	0	0	0	0	0	0	0	0.05281878	0.05231867	0.05478664	0.05609994	0.02772626	0.03181467	0.03356971	0.03853502	0.01986755	0.02562816	0.01114456	0.00814880	12161232.00321544	0.00000307	0.00056599	0.00004669			
43	eriy (w:array)	ER.IY	ER0.IY1	2	2	42	98484.89	112.17	138143	26	68297.14	90.46	112936	0.00108336	0.00078082	0.00127098	0.00124222	0.00018094	0.00004487	0.00018132	0.00006687	0	0	0	0	0	0	0	0	0.02671911	0.05766561	0.02846213	0.03306259	0.01368473	0.04001219	0.01920492	0.02571266	0.05132450	0.10186859	0.07618452	0.07049389	0.03708641	0.06304589	0.06449032	0.05981727			
44	erow (w:array)	ER.OW	ER0.OW1	2	2	39	31778.96	80.25	92849	25	31616.98	70.17	88676	0.00019556	0.00002420	0.00016034	0.00005551	0.00009370	0.00001058	0.00006861	0.00002572	0	0	0	0	0	0	0	0	0.01639545	0.01950116	0.01847006	0.01922220	0.01309565	0.01809736	0.01622631	0.01776640	0.05132450	0.02380051	0.05019739	0.04027754	0.03547350	0.02167431	0.04276019	0.03619951			
45	eroy (w:array)	ER.OY	ER0.OY1	2	2	25	7699.06	26.46	29103	17	7546.22	18.56	25302	0.00003415	0.00000301	0.00002591	0.00000760	0.00000646	0.00000036	0.00000387	0.00000097	0	0	0	0	0	0	0	0	0.00348604	0.00485913	0.00405379	0.00499757	0.00276247	0.00444547	0.00332101	0.00432484	0.03642384	0.00085541	0.01357954	0.00775717	0.02257028	0.00060473	0.00712806	0.00505232			
46	eruw (w:array)	ER.UW	ER0.UW1	2	2	34	83920.48	75.8	93980	26	83767.64	67.9	90179	0.00004656	0.00000536	0.00003577	0.00000861	0.00004524	0.00000503	0.00003579	0.00000855	0	0	0	0	0	0	0	0	0.01287030	0.04354533	0.01537734	0.01753966	0.00980255	0.04028021	0.01296612	0.01516192	0.04966888	0.08620329	0.05443101	0.04973853	0.03547350	0.07897736	0.04697215	0.04526839			
47	eyv (w:abe)	EY.V	EY1.V	1	2	29	32844.86	38.21	38478	29	32844.86	38.21	38478	0.00063636	0.00061603	0.00081853	0.00104008	0.00060099	0.00058434	0.00081499	0.00104975	0	0	0	0	0	0	0	0	0.00661408	0.01845934	0.00523518	0.00672804	0.00636496	0.01748591	0.00508698	0.00660443	0.02483444	0.01341918	0.01800557	0.01208842	0.02413132	0.01230637	0.01745151	0.01151363			
48	faa (w:bah)	F.AA	F.AA1	1	2	29	8283.05	45.03	34739	29	8283.05	45.03	34739	0.00045942	0.00055327	0.00055399	0.00079646	0.00039743	0.00051327	0.00051651	0.00078355	0	0	0	0	0	0	0	0	0.05378180	0.03526116	0.05599617	0.05275746	0.04817454	0.03316204	0.05310337	0.05129156	0.03973510	0.00993967	0.03100950	0.01494061	0.03866819	0.00877012	0.03017078	0.01424418			
49	fae (w:fay)	F.AE	F.AE1	1	2	19	10044.65	19.14	20749	19	10044.65	19.14	20749	0.00066119	0.00047835	0.00069750	0.00084712	0.00057838	0.00043679	0.00065600	0.00081536	0	0	0	0	0	0	0	0	0.05659030	0.03816875	0.05687941	0.05191939	0.05252992	0.03592798	0.05453018	0.05069122	0.01655629	0.01240270	0.01189457	0.01152541	0.01608754	0.01103186	0.01152722	0.01097259			
50	fah (w:le)	F.AH	F.AH0	1	2	22	81330.54	41.24	52696	14	79541.13	27.21	36070	0.00213257	0.00139884	0.00224586	0.00222528	0.00189992	0.00081098	0.00189450	0.00175174	0	0	0	0	0	0	0	0	0.06324353	0.07802950	0.06481667	0.06743306	0.04443721	0.05227247	0.04302038	0.04139710	0.02483444	0.06806403	0.02308524	0.02229539	0.02092625	0.06168558	0.01899954	0.01755901			
51	feh (w:des)	F.EH	F.EH1	1	2	21	7227	24.11	18221	21	7227	24.11	18221	0.00110819	0.00053702	0.00122979	0.00111108	0.00097581	0.00049750	0.00117616	0.00109581	0	0	0	0	0	0	0	0	0.05810107	0.03894797	0.06131162	0.06384150	0.05198912	0.03626604	0.05761758	0.06134792	0.01821192	0.00909115	0.01158914	0.00675078	0.01770044	0.00799095	0.01122932	0.00639872			
52	fih (w:fay)	F.IH	F.IH1	1	2	19	29939.16	27.96	26798	17	7257.36	22.9	18336	0.00193391	0.00092479	0.00205263	0.00196188	0.00103720	0.00057785	0.00127349	0.00134048	0	0	0	0	0	0	0	0	0.07440005	0.06157864	0.07700276	0.07866551	0.04990317	0.04078815	0.05640339	0.06155155	0.01655629	0.03448339	0.01315872	0.01196617	12162512.01286174	0.00795815	0.00857305	0.00601402			
53	fuh (w:fay)	F.UH	F.UH0	1	2	10	7167.31	14.35	15912	8	6935.49	10.3	9532	0.00019867	0.00013675	0.00022157	0.00026981	0.00001939	0.00000368	0.00002473	0.00001182	0	0	0	0	0	0	0	0	0.02749812	0.02323100	0.02982025	0.03444085	0.02329767	0.01280698	0.02434658	0.02549151	12162640.01324504	0.00905544	0.00886571	0.00634918	12162632.01286174	0.00795815	0.00857305	0.00601402			
54	gae (w:gay)	G.AE	G.AE1	1	2	23	7731.38	20.29	27235	23	7731.38	20.29	27235	0.00053702	0.00015596	0.00054270	0.00031211	0.00049760	0.00014445	0.00052460	0.00030952	0	0	0	0	0	0	0	0	0.04780868	0.03970143	0.04703307	0.04220156	0.04376545	0.03738536	0.04471955	0.04104783	0.01821192	0.00937760	0.01107686	0.01584701	0.01769526	0.00837332	0.01073651	0.01506606			
55	gah (w:le)	G.AH	G.AH0	1	2	29	78626.91	39.05	56247	17	77224.59	26.4	42569	0.00203014	0.00058312	0.00177536	0.00109887	0.00165112	0.00034723	0.00138392	0.00077437	0	0	0	0	0	0	0	0	0.05446192	0.07956219	0.05497033	0.05771523	0.03567274	0.05372984	0.03320975	0.03175370	0.02649007	0.06503893	0.02226753	0.02661699	0.02253397	0.05902704	0.01820882	0.02165247			
56	geh (w:des)	G.EH	G.EH1	1	2	18	9779.99	23.58	34561	18	9779.99	23.58	34561	0.00025144	0.00300510	0.00050006	0.00157570	0.00022295	0.00285352	0.00046590	0.00156612	0	0	0	0	0	0	0	0	0.04931946	0.04048065	0.05146528	0.05412367	0.04322465	0.03772341	0.04780695	0.05170453	0.01986755	0.00606605	0.01077143	0.01107238	0.01930817	0.00533242	0.01043861	0.01049219			
57	gih (w:gay)	G.IH	G.IH1	1	2	20	35692.3	27.77	50228	17	10400.36	19.29	33450	0.00068602	0.00401985	0.00102848	0.00197626	0.00032312	0.00272987	0.00062466	0.00146424	0	0	0	0	0	0	0	0	0.06561844	0.06311133	0.06715642	0.06894768	0.04113870	0.04224552	0.04659276	0.05190815	0.01821192	0.03145829	0.01234101	0.01628777	12174896.01446946	0.00529962	0.00778233	0.01010748			
58	guh (w:gay)	G.UH	G.UH0	1	2	11	7229.93	13.11	24368	9	4618.59	9.35	16020	0.00007450	0.00110673	0.00015347	0.00034799	0.00000323	0.00000008	0.00000103	0.00000005	0	0	0	0	0	0	0	0	0.01871650	0.02476369	0.01997391	0.02472302	0.01453320	0.01426435	0.01453595	0.01584812	12175024.01490066	0.00603034	0.00804800	0.01067078	12175016.01446946	0.00529962	0.00778233	0.01010748			
59	hae (w:ha)	HH.AE	HH.AE1	1	2	30	31456.75	64.24	105912	30	31456.75	64.24	105912	0.00102128	0.00487577	0.00140153	0.00275296	0.00092734	0.00463301	0.00133868	0.00276899	0	0	0	0	0	0	0	0	0.05313381	0.06104746	0.05585258	0.05741957	0.04908018	0.05768250	0.05350707	0.05614927	0.02317881	0.02820350	0.03560819	0.04637330	0.02251841	0.02491801	0.03445804	0.04398091			
60	hih (w:ha)	HH.IH	HH.IH1	1	2	24	47678	58.41	94070	22	24996.2	53.35	85608	0.00064567	0.00257824	0.00077723	0.00111704	0.00048144	0.00237243	0.00059366	0.00094674	0	0	0	0	0	0	0	0	0.07094356	0.08445736	0.07597592	0.08416569	0.04645343	0.06254267	0.05538028	0.06700960	0.02317881	0.05028418	0.03687233	0.04681406	12175280.01929261	0.02184430	0.03150386	0.03902234			
61	huh (w:ha)	HH.UH	HH.UH0	1	2	14	19090.59	40.65	63609	12	19037.2	37.85	61849	0.00015521	0.00006901	0.00020818	0.00015890	0.00001292	0.00000357	0.00002074	0.00000704	0	0	0	0	0	0	0	0	0.02404163	0.04610972	0.02879342	0.03994103	0.01984793	0.03456149	0.02332347	0.03094956	12175408.01986755	0.02485623	0.03257932	0.04119707	12175400.01929261	0.02184430	0.03150386	0.03902234			
62	ihg (w:egg)	IH.G	IH2.G	1	2	28	45712.92	42.29	56500	4	42.28	3.16	1224	0.00152726	0.00092462	0.00158280	0.00165335	0.00005170	0.00001844	0.00004946	0.00004326	0	0	0	0	0	0	0	0	0.03079925	0.02637137	0.02348707	0.01950332	0.00668525	0.00112982	0.00416209	0.00341190	0.02649007	0.05863257	0.02736727	0.03058076	12175520.00645162	0.00004353	0.00261490	0.00077832			
63	ihj (w:age)	IH.JH	IH2.JH	1	2	17	44988.4	34.24	48633	3	109.36	4.17	3713	0.00140930	0.00047480	0.00137540	0.00105541	0.00004200	0.00000155	0.00001504	0.00000386	0	0	0	0	0	0	0	0	0.02924005	0.02556781	0.02216222	0.01763373	0.00513044	0.00037097	0.00284433	0.00156276	0.02483444	0.05870777	0.02822417	0.03223293	12175648.00483871	0.00011258	0.00345068	0.00236102			
64	ihs (w:ace)	IH.S	IH2.S	1	2	32	76405.74	58.78	88866	7	22755.9	14.49	22472	0.00994891	0.00911912	0.00853918	0.00763997	0.00067208	0.00008242	0.00041633	0.00023840	0	0	0	0	0	0	0	0	0.03270709	0.03647181	0.02503757	0.02081405	0.00858771	0.01066819	0.00570427	0.00470828	0.03145696	0.08409620	0.03697988	0.04468496	12175776.01129033	0.02342609	0.01199047	0.01428944			
65	ihTH (w:earth)	IH.TH	IH2.TH	1	2	22	50061.31	38.81	56973	4	116.25	3.95	2904	0.00027317	0.00220985	0.00030130	0.00054105	0.00004200	0.00000210	0.00001937	0.00000445	0	0	0	0	0	0	0	0	0.02894951	0.02549709	0.02190537	0.01739712	0.00484073	0.00030419	0.00258886	0.00132874	0.02649007	0.05871550	0.02803752	0.03169593	12175904.00645162	0.00011968	0.00326863	0.00184659			
66	ihv (w:ear)	IH.V	IH1.V	1	2	18	57988.73	40.16	67740	18	54504.22	36.62	59486	0.00290862	0.00143836	0.00248238	0.00234160	0.00070116	0.00096342	0.00072883	0.00127857	0	0	0	0	0	0	0	0	0.03307510	0.03309402	0.02436341	0.02138707	0.00957313	0.02708814	0.00770100	0.00958052	0.02483444	0.07159618	0.02951377	0.03566605	0.02413132	0.05943551	0.02563336	0.02863893			
67	jae (w:g)	JH.AE	JH.AE1	1	2	15	3643.31	23.16	16494	15	3643.31	23.16	16494	0.00028248	0.00020261	0.00036696	0.00021398	0.00020679	0.00017732	0.00030817	0.00018902	0	0	0	0	0	0	0	0	0.04049874	0.02948129	0.04106487	0.03238166	0.03646978	0.02766741	0.03877299	0.03130316	0.01490067	0.00383462	0.01468340	0.00926736	0.01447983	0.00350201	0.01422399	0.00883374			
68	jeh (w:g)	JH.EH	JH.EH1	1	2	18	545.18	25.27	9367	18	545.18	25.27	9367	0.00100886	0.00042702	0.00102371	0.00074370	0.00089503	0.00039514	0.00098230	0.00072420	0	0	0	0	0	0	0	0	0.04200952	0.03026051	0.04549707	0.04430378	0.03592898	0.02800546	0.04186039	0.04195986	0.01655629	0.00052307	0.01437796	0.00449273	0.01609273	0.00046110	0.01392609	0.00425987			
69	jih (w:g)	JH.IH	JH.IH1	1	2	18	23174.84	26.5	16529	16	493.04	21.44	8067	0.00160797	0.00223327	0.00132501	0.00098099	0.00028434	0.00011056	0.00031683	0.00014681	0	0	0	0	0	0	0	0	0.05830850	0.05289118	0.06118821	0.05912779	0.03384303	0.03252757	0.04064620	0.04216348	0.01490067	0.02591531	0.01594754	0.00970812	12176432.01125402	0.00042830	0.01126981	0.00387517			
70	juh (w:g)	JH.UH	JH.UH0	1	2	8	373.28	13.55	6143	7	373.26	13.54	6142	0.00008071	0.00003931	0.00009025	0.00007222	0.00002262	0.00001653	0.00004308	0.00004653	0	0	0	0	0	0	0	0	0.01140656	0.01454355	0.01400571	0.01490313	0.00723753	0.00454640	0.00858939	0.00610345	12176560.01158941	0.00048736	0.01165453	0.00409113	12176552.01125402	0.00042830	0.01126981	0.00387517			
71	kae (w:co)	K.AE	K.AE1	1	2	26	8784.13	34.15	29847	26	8784.13	34.15	29847	0.00219466	0.00288832	0.00222017	0.00172300	0.00174159	0.00269121	0.00193519	0.00161089	0	0	0	0	0	0	0	0	0.07899454	0.04163084	0.07643077	0.06209442	0.07489044	0.03921996	0.07401063	0.06078831	0.02152318	0.00359403	0.01376240	0.00818630	0.02091069	0.00329056	0.01333339	0.00780975			
72	keh (w:co)	K.EH	K.EH1	1	2	22	779.95	22.62	13858	22	779.95	22.62	13858	0.00063325	0.00063571	0.00090191	0.00106709	0.00057515	0.00057247	0.00084166	0.00101504	0	0	0	0	0	0	0	0	0.08050531	0.04241006	0.08086297	0.07401653	0.07434963	0.03955801	0.07709803	0.07144501	0.02317881	0.00028248	0.01345696	0.00341166	0.02252360	0.00024966	0.01303549	0.00323588			
73	kih (w:co)	K.IH	K.IH1	1	2	23	24040.71	32.87	30895	21	1358.91	27.81	22433	0.00174145	0.00242998	0.00244219	0.00361163	0.00051375	0.00097580	0.00091278	0.00141237	0	0	0	0	0	0	0	0	0.09680430	0.06504074	0.09655411	0.08884054	0.07226368	0.04408013	0.07588384	0.07164863	0.02152318	0.02567471	0.01502654	0.00862705	12186768.01768489	0.00021686	0.01037921	0.00285117			
74	kuh (w:co)	K.UH	K.UH0	1	2	14	1864.42	17.45	14128	11	188.99	12.47	4519	0.00008381	0.00069283	0.00014506	0.00032770	0.00000000	0.00000000	0.00000000	0.00000000	0	0	0	0	0	0	0	0	0.04990236	0.02669310	0.04937161	0.04461588	0.04565818	0.01609895	0.04382703	0.03558860	12186896.01821192	0.00024676	0.01073353	0.00301007	12186888.01768489	0.00021686	0.01037921	0.00285117			
75	lae (w:la)	L.AE	L.AE1	1	2	26	4418.34	38.96	33594	26	4418.34	38.96	33594	0.00258268	0.00120088	0.00243144	0.00205693	0.00223919	0.00111577	0.00226000	0.00202272	0	0	0	0	0	0	0	0	0.04901894	0.03736064	0.05047955	0.04782781	0.04497335	0.03515958	0.04815353	0.04663099	0.01986755	0.00403269	0.01982206	0.01357364	0.01930298	0.00367607	0.01919302	0.01291270			
76	lao (w:la)	L.AO	L.AO1	1	2	34	2320.98	40.97	38673	34	2320.98	40.97	38673	0.00097161	0.00139976	0.00116324	0.00168897	0.00078517	0.00131883	0.00106367	0.00167709	0	0	0	0	0	0	0	0	0.03184835	0.03187508	0.03704898	0.04415825	0.02976330	0.02988823	0.03548942	0.04273398	0.03973510	0.00129418	0.02399629	0.01474125	0.03865782	0.00116137	0.02326431	0.01403121			
77	lih (w:la)	L.IH	L.IH1	1	2	25	23629.12	36.52	29301	23	947.32	31.46	20839	0.00674849	0.00271296	0.00526806	0.00433515	0.00236844	0.00162347	0.00230901	0.00226770	0	0	0	0	0	0	0	0	0.06682869	0.06077053	0.07060289	0.07457393	0.04234660	0.04001974	0.05002673	0.05749131	0.01986755	0.02611338	0.02108621	0.01401440	12187280.01607717	0.00060237	0.01623884	0.00795412			
78	luh (w:la)	L.UH	L.UH1	1	2	12	2476.48	23.52	21085	12	2476.48	23.52	21085	0.00012727	0.00111915	0.00018559	0.00068780	0.00008724	0.00106412	0.00016263	0.00068928	0	0	0	0	0	0	0	0	0.01992676	0.02242289	0.02342039	0.03034928	0.01943979	0.02098761	0.02286048	0.02946472	12187408.01655629	0.00068543	0.01679320	0.00839741	12187400.01607717	0.00060237	0.01623884	0.00795412			
79	mae (w:ma)	M.AE	M.AE1	1	2	27	21884.17	41.49	50431	27	21884.17	41.49	50431	0.00207980	0.00158531	0.00211121	0.00171638	0.00155095	0.00144300	0.00175375	0.00158366	0	0	0	0	0	0	0	0	0.06034693	0.04625320	0.05917394	0.05329087	0.05627922	0.04361519	0.05681639	0.05205220	0.02152318	0.02520735	0.02002864	0.02312739	0.02091069	0.02228492	0.01939278	0.02196212			
80	meh (w:ma)	M.EH	M.EH1	1	2	26	17513.4	36.41	41761	26	17513.4	36.41	41761	0.00216362	0.00150794	0.00216060	0.00242356	0.00173836	0.00137312	0.00189040	0.00229070	0	0	0	0	0	0	0	0	0.06185770	0.04703242	0.06360614	0.06521298	0.05573842	0.04395324	0.05990378	0.06270890	0.02317881	0.02189580	0.01972321	0.01835275	0.02252360	0.01924402	0.01909488	0.01738825			
81	mih (w:ma)	M.IH	M.IH1	1	2	28	40019	39.8	43446	26	17334.95	34.23	34929	0.00364741	0.00233371	0.00343069	0.00322950	0.00158973	0.00160496	0.00184915	0.00207413	0	0	0	0	0	0	0	0	0.07815668	0.06966309	0.07929728	0.08003699	0.05365247	0.04847536	0.05868959	0.06291252	0.02152318	0.04728805	0.02129279	0.02356814	12187792.01768489	0.01921122	0.01643860	0.01700354			
82	muh (w:ma)	M.UH	M.UH0	1	2	12	16752.17	21.16	27105	11	16742.48	19.75	26950	0.00003415	0.00000736	0.00003898	0.00000869	0.00000646	0.00000245	0.00001436	0.00000283	0	0	0	0	0	0	0	0	0.03125475	0.03131546	0.03211478	0.03581233	0.02704697	0.02049418	0.02663279	0.02685249	12187920.01821192	0.02186009	0.01699978	0.01795116	12187912.01768489	0.01921122	0.01643860	0.01700354			
83	nae (w:gnaw)	N.AE	N.AE1	1	2	21	19068.93	32.29	49328	21	19068.93	32.29	49328	0.00099955	0.00019959	0.00077202	0.00046057	0.00088534	0.00016821	0.00069145	0.00041884	0	0	0	0	0	0	0	0	0.04384873	0.04031404	0.04358631	0.04019898	0.03981323	0.03796786	0.04128529	0.03906059	0.01655629	0.02430373	0.02316176	0.03219489	0.01608754	0.02149079	0.02242248	0.03055096			
84	neh (w:gnaw)	N.EH	N.EH1	1	2	17	16211.87	32.08	45147	17	16211.87	32.08	45147	0.00111440	0.00096423	0.00096602	0.00099090	0.00083364	0.00087521	0.00075915	0.00088688	0	0	0	0	0	0	0	0	0.04535950	0.04109326	0.04801852	0.05212110	0.03927242	0.03830591	0.04437268	0.04971729	0.01821192	0.02099218	0.02285633	0.02742025	0.01770044	0.01844989	0.02212458	0.02597709			
85	nih (w:gnaw)	N.IH	N.IH1	1	2	17	38882.6	33.98	52664	15	16200.8	28.92	44202	0.00441104	0.00176912	0.00384914	0.00338424	0.00073024	0.00017748	0.00068917	0.00040195	0	0	0	0	0	0	0	0	0.06165848	0.06372394	0.06370966	0.06694511	0.03718647	0.04282803	0.04315850	0.04992092	0.01655629	0.04638442	0.02442591	0.03263564	12188304.01286174	0.01841709	0.01946831	0.02559238			
86	nuh (w:gnaw)	N.UH	N.UH0	1	2	9	16051.46	23.7	40603	8	16050.4	23.39	40563	0.00009623	0.00000668	0.00005393	0.00001721	0.00002908	0.00000203	0.00001664	0.00000637	0	0	0	0	0	0	0	0	0.01475655	0.02537630	0.01652715	0.02272045	0.01058097	0.01484685	0.01110169	0.01386088	12188432.01324504	0.02095647	0.02013290	0.02701866	12188424.01286174	0.01841709	0.01946831	0.02559238			
87	owv (w:oak)	OW.V	OW1.V	1	2	24	17047.34	28.62	40161	24	17047.34	28.62	40161	0.00123236	0.00063751	0.00074622	0.00051462	0.00079486	0.00058068	0.00055366	0.00044216	0	0	0	0	0	0	0	0	0.00910237	0.01267405	0.00638543	0.00869348	0.00760184	0.01105084	0.00562503	0.00807844	0.01821192	0.01365766	0.01127452	0.01137970	0.01770044	0.01251596	0.01094266	0.01084232			
88	pah (w:le)	P.AH	P.AH0	1	2	28	74232.47	43.99	46713	17	73047.47	32.31	36269	0.00271616	0.00201179	0.00284292	0.00304923	0.00226827	0.00174608	0.00231311	0.00268047	0	0	0	0	0	0	0	0	0.07705980	0.07440842	0.07511174	0.07008976	0.05822652	0.04882931	0.05327811	0.04403344	0.02814570	0.05958540	0.02744924	0.02242595	0.02414168	0.05423434	0.02321948	0.01768267			
89	peh (w:des)	P.EH	P.EH1	1	2	22	652.98	28.26	15106	22	652.98	28.26	15106	0.00211395	0.00082666	0.00215583	0.00183540	0.00184176	0.00075905	0.00201383	0.00178455	0	0	0	0	0	0	0	0	0.07191734	0.03532688	0.07160668	0.06649820	0.06577842	0.03282288	0.06787531	0.06398427	0.02152318	0.00061252	0.01595313	0.00688133	0.02091588	0.00053971	0.01544926	0.00652239			
90	poy (w:boy)	P.OY	P.OY1	1	2	25	1034.96	25.23	17874	25	1034.96	25.23	17874	0.00022350	0.00017990	0.00030008	0.00036240	0.00015833	0.00016782	0.00027421	0.00035785	0	0	0	0	0	0	0	0	0.03888358	0.01049802	0.03656497	0.03021985	0.03872869	0.00997579	0.03641241	0.02997771	0.03642384	0.00123202	0.01995768	0.01170509	0.03543201	0.00110858	0.01935505	0.01114331			
91	puh (w:p)	P.UH	P.UH0	1	2	16	1619.34	25.06	26668	10	441.77	15.37	9728	0.00019867	0.00057729	0.00035268	0.00073126	0.00000323	0.00000018	0.00000194	0.00000046	0	0	0	0	0	0	0	0	0.04131439	0.01960991	0.04011532	0.03709755	0.03708697	0.00936382	0.03460431	0.02812786	12200544.01655629	0.00057681	0.01322970	0.00647974	12200536.01607717	0.00050691	0.01279298	0.00613768			
92	rae (w:ra)	R.AE	R.AE1	1	2	22	9426.59	27.69	25017	22	9426.59	27.69	25017	0.00413477	0.00123095	0.00392510	0.00261935	0.00291773	0.00099478	0.00314691	0.00224644	0	0	0	0	0	0	0	0	0.06634979	0.03646195	0.05985584	0.04735597	0.06227037	0.03430506	0.05749581	0.04616276	0.01324504	0.01150830	0.01324595	0.01232472	0.01287211	0.01024583	0.01283399	0.01172971			
93	rih (w:ra)	R.IH	R.IH1	1	2	22	29252.71	31.09	27791	20	6570.91	26.03	19329	0.00832231	0.00417760	0.00860606	0.00739431	0.00260754	0.00186219	0.00289504	0.00269429	0	0	0	0	0	0	0	0	0.08415955	0.05987184	0.07997918	0.07410210	0.05964362	0.03916522	0.05936902	0.05702309	0.01324504	0.03358899	0.01451009	0.01276548	12200800.00964630	0.00717213	0.00987981	0.00677113			
94	ruh (w:ra)	R.UH	R.UH1	1	2	8	6287.51	13.81	11913	8	6287.51	13.81	11913	0.00007450	0.00003445	0.00010708	0.00007031	0.00006139	0.00003241	0.00010519	0.00007054	0	0	0	0	0	0	0	0	0.03725761	0.02152420	0.03279667	0.02987744	0.03673681	0.02013309	0.03220276	0.02899649	12200928.00993378	0.00816103	0.01021708	0.00714849	12200920.00964630	0.00717213	0.00987981	0.00677113			
95	sae (w:c)	S.AE	S.AE1	1	2	23	13325.65	44.09	55926	23	13325.65	44.09	55926	0.00085986	0.00033743	0.00091952	0.00059293	0.00074963	0.00030831	0.00085636	0.00056724	0	0	0	0	0	0	0	0	0.08630448	0.04733805	0.08807457	0.07812411	0.08218611	0.04464673	0.08561220	0.07669521	0.01986755	0.01645388	0.02756880	0.03305015	0.01930298	0.01459214	0.02668404	0.03136107			
96	seh (w:c)	S.EH	S.EH1	1	2	25	11968.42	48.54	67789	25	11968.42	48.54	67789	0.00282481	0.00237671	0.00290228	0.00379855	0.00220042	0.00214324	0.00252692	0.00355999	0	0	0	0	0	0	0	0	0.08781526	0.04811727	0.09250677	0.09004622	0.08164530	0.04498478	0.08869960	0.08735191	0.02152318	0.01314234	0.02726336	0.02827551	0.02091588	0.01155124	0.02638614	0.02678720			
97	shae (w:shah)	SH.AE	SH.AE1	1	2	18	7533.81	23.55	29329	18	7533.81	23.55	29329	0.00022040	0.00012969	0.00024682	0.00019812	0.00018418	0.00010826	0.00021039	0.00016983	0	0	0	0	0	0	0	0	0.03931753	0.02966390	0.03946590	0.03326036	0.03529088	0.02784104	0.03717982	0.03217512	0.01655629	0.00895449	0.01458872	0.01633792	0.01608754	0.00800148	0.01413243	0.01553106			
98	sheh (w:shah)	SH.EH	SH.EH1	1	2	18	4541.33	26	23574	18	4541.33	26	23574	0.00022661	0.00011890	0.00031370	0.00021692	0.00017125	0.00011031	0.00029210	0.00021171	0	0	0	0	0	0	0	0	0.04082831	0.03044312	0.04389810	0.04518247	0.03475007	0.02817909	0.04026721	0.04283182	0.01821192	0.00564294	0.01428328	0.01156329	0.01770044	0.00496058	0.01383453	0.01095719			
99	shih (w:shah)	SH.IH	SH.IH1	1	2	18	27613.55	26.63	30460	16	4931.75	21.57	21998	0.00104921	0.00048816	0.00096591	0.00068584	0.00021326	0.00025879	0.00026179	0.00020437	0	0	0	0	0	0	0	0	0.05712729	0.05307379	0.05958924	0.06000648	0.03266413	0.03270120	0.03905302	0.04303545	0.01655629	0.03103518	0.01585286	0.01677868	12201568.01286174	0.00492777	0.01117826	0.01057248			
100	shuh (w:shah)	SH.UH	SH.UH1	1	2	12	6517.35	22.1	34390	12	6517.35	22.1	34390	0.00013658	0.00091708	0.00023088	0.00057739	0.00014217	0.00087503	0.00023763	0.00058837	0	0	0	0	0	0	0	0	0.01022535	0.01472615	0.01240673	0.01578182	0.00975731	0.01366907	0.01188677	0.01500885	12201696.01324504	0.00560723	0.01155985	0.01116169	12201688.01286174	0.00492777	0.01117826	0.01057248			
101	sih (w:c)	S.IH	S.IH1	1	2	26	33650.43	47.77	68577	24	10968.63	42.71	60115	0.00544784	0.00251649	0.00527891	0.00495404	0.00167051	0.00135322	0.00202591	0.00254068	0	0	0	0	0	0	0	0	0.10411424	0.07074794	0.10819791	0.10487023	0.07955936	0.04950689	0.08748541	0.08755554	0.01986755	0.03853458	0.02883294	0.03349090	12201824.01607717	0.01151844	0.02372986	0.02640249			
102	suh (w:c)	S.UH	S.UH0	1	2	11	10039.34	28.83	41882	10	10038.26	28.51	41847	0.00002173	0.00000170	0.00001163	0.00000471	0.00000969	0.00000116	0.00000764	0.00000370	0	0	0	0	0	0	0	0	0.05721230	0.03240030	0.06101541	0.06064557	0.05295385	0.02152571	0.05542860	0.05149550	12201952.01655629	0.01310662	0.02453993	0.02787392	12201944.01607717	0.01151844	0.02372986	0.02640249			
103	tae (w:t)	T.AE	T.AE1	1	2	24	42700.18	37.2	47178	24	42700.18	37.2	47178	0.00171040	0.00072977	0.00162288	0.00135517	0.00140232	0.00062970	0.00140968	0.00121971	0	0	0	0	0	0	0	0	0.05422788	0.05368546	0.05513371	0.05020927	0.05017212	0.05068225	0.05279081	0.04899421	0.02152318	0.05512789	0.02603666	0.03019062	0.02091069	0.04857986	0.02520248	0.02865249			
104	tao (w:t)	T.AO	T.AO1	1	2	33	41335.54	49.02	63333	33	41335.54	49.02	63333	0.00106473	0.00097892	0.00106546	0.00129776	0.00072055	0.00089902	0.00086229	0.00124028	0	0	0	0	0	0	0	0	0.03705729	0.04819991	0.04170314	0.04653971	0.03496207	0.04541090	0.04012671	0.04509720	0.04139073	0.05238938	0.03021090	0.03135823	0.04026553	0.04606516	0.02927377	0.02977100			
105	teh (w:t)	T.EH	T.EH1	1	2	22	41690.32	41.79	52603	22	41690.32	41.79	52603	0.00259199	0.00201774	0.00284868	0.00290068	0.00212610	0.00180150	0.00251871	0.00269461	0	0	0	0	0	0	0	0	0.05573865	0.05446468	0.05956592	0.06213139	0.04963131	0.05102030	0.05587821	0.05965091	0.02317881	0.05181634	0.02573123	0.02541599	0.02252360	0.04553896	0.02490458	0.02407862			
106	THaa (w:bah)	TH.AA	TH.AA1	1	2	21	1003.69	30.22	16698	21	1003.69	30.22	16698	0.00009933	0.00000644	0.00004928	0.00001488	0.00007109	0.00000283	0.00002690	0.00000818	0	0	0	0	0	0	0	0	0.03353665	0.02655414	0.03538016	0.03333506	0.02796891	0.02488285	0.03256213	0.03201793	0.03145695	0.00089124	0.02309062	0.00873263	0.03062960	0.00081812	0.02251331	0.00836392			
107	THae (w:pah)	TH.AE	TH.AE1	1	2	6	2991.88	4.91	8018	6	2991.88	4.91	8018	0.00006208	0.00070081	0.00012679	0.00042095	0.00005493	0.00066156	0.00011442	0.00042119	0	0	0	0	0	0	0	0	0.03634515	0.02946172	0.03626340	0.03249699	0.03232429	0.02764880	0.03398894	0.03141760	0.00827815	0.00335427	0.00397569	0.00531744	0.00804896	0.00307986	0.00386975	0.00509233			
108	thae (w:pah)	DH.AE	DH.AE1	1	2	10	51643.27	25.31	46512	10	51643.27	25.31	46512	0.00000621	0.00585628	0.00007773	0.00042739	0.00000646	0.00558780	0.00008001	0.00043552	0	0	0	0	0	0	0	0	0.03385686	0.05659713	0.03423419	0.03208899	0.02984086	0.05345085	0.03196709	0.03101272	0.01324504	0.04748844	0.01569908	0.02021391	0.01287211	0.04186611	0.01520614	0.01920243			
109	THah (w:le)	TH.AH	TH.AH0	1	2	14	73790.93	27.26	37071	9	72611	18.01	26750	0.00047494	0.00007142	0.00032976	0.00012688	0.00041036	0.00004964	0.00024914	0.00008728	0	0	0	0	0	0	0	0	0.04299838	0.06932247	0.04420066	0.04801066	0.02423158	0.04399328	0.02247914	0.02212348	0.01655629	0.05901560	0.01516636	0.01608742	0.01288767	0.05373358	0.01134206	0.01167875			
110	THaw (w:bough)	TH.AW	TH.AW1	1	2	19	6581.07	22.72	24182	19	6581.07	22.72	24182	0.00002794	0.00017820	0.00006611	0.00024738	0.00002908	0.00017003	0.00006804	0.00025209	0	0	0	0	0	0	0	0	0.00837637	0.01001527	0.00909321	0.01230049	0.00805582	0.00944929	0.00885302	0.01204283	0.02980132	0.00731504	0.01779647	0.01524906	0.02901670	0.00671693	0.01734971	0.01460633			
111	THeh (w:des)	TH.EH	TH.EH1	1	2	7	88.57	6.03	2208	7	88.57	6.03	2208	0.00020488	0.00003565	0.00014318	0.00008920	0.00018741	0.00003320	0.00013961	0.00008828	0	0	0	0	0	0	0	0	0.03785592	0.03024094	0.04069561	0.04441911	0.03178349	0.02798685	0.03707633	0.04207430	0.00993377	0.00004272	0.00367026	0.00054280	0.00966186	0.00003895	0.00357185	0.00051846			
112	theh (w:des)	DH.EH	DH.EH1	1	2	13	42162.23	32.53	56534	13	42162.23	32.53	56534	0.00004656	0.00329347	0.00020430	0.00092832	0.00002262	0.00312386	0.00017859	0.00089387	0	0	0	0	0	0	0	0	0.03536764	0.05737635	0.03866640	0.04401110	0.02930006	0.05378890	0.03505448	0.04166942	0.01490066	0.04417689	0.01539365	0.01543927	0.01448501	0.03882521	0.01490824	0.01462856			
113	THer (w:burr)	TH.ER	TH.ER1	1	2	25	21010.75	38.49	63974	21	5590.33	19.28	25677	0.00023281	0.00010725	0.00028635	0.00020244	0.00011955	0.00005990	0.00014223	0.00014816	0	0	0	0	0	0	0	0	0.01879687	0.01808985	0.02100145	0.02590395	0.01240155	0.01095367	0.01483139	0.01872774	0.03145695	0.01565883	0.02142771	0.02911230	0.02740380	0.00567177	0.01325359	0.01464067			
114	THey (w:bay)	TH.EY	TH.EY1	1	2	25	37495.81	58.86	77960	25	37495.81	58.86	77960	0.00002483	0.00000158	0.00001318	0.00000212	0.00001616	0.00000095	0.00000832	0.00000081	0	0	0	0	0	0	0	0	0.01684060	0.02113123	0.02326340	0.02950565	0.01615819	0.01994618	0.02277555	0.02905033	0.03807947	0.01914288	0.04531077	0.04609203	0.03708122	0.01757811	0.04418551	0.04415238			
115	THih (w:thaw)	TH.IH	TH.IH1	1	2	8	23809.99	11.71	18099	6	1128.19	6.65	9637	0.00024213	0.00352537	0.00047615	0.00186318	0.00014863	0.00188259	0.00029358	0.00103040	0	0	0	0	0	0	0	0	0.05415490	0.05287161	0.05638675	0.05924312	0.02969754	0.03250896	0.03586215	0.04227793	0.00827815	0.02543496	0.00523984	0.00575820	12213312.00482315	0.00000615	0.00091557	0.00013376			
116	thih (w:the)	DH.IH	DH.IH1	1	2	9	64467.92	23.68	39398	7	41786.12	18.62	30936	0.00005277	0.00319003	0.00011837	0.00032503	0.00000646	0.00302450	0.00006473	0.00027913	0	0	0	0	0	0	0	0	0.05166662	0.08000703	0.05435754	0.05883511	0.02721411	0.05831101	0.03384029	0.04187305	0.01324504	0.06956913	0.01696322	0.02065466	12213440.00964630	0.03879241	0.01225197	0.01424386			
117	THow (w:beau)	TH.OW	TH.OW1	1	2	27	24800.23	64.76	75517	25	24795.25	63.9	75283	0.00001552	0.00000034	0.00000343	0.00000090	0.00000000	0.00000000	0.00000000	0.00000000	0	0	0	0	0	0	0	0	0.01773158	0.02005410	0.02007016	0.02236538	0.01506693	0.01879165	0.01851874	0.02150931	0.03973510	0.02360731	0.04429266	0.03788693	0.03708122	0.02167739	0.04310977	0.03628657			
118	tuh (w:t)	T.UH	T.UH0	1	2	14	40032.72	31.13	44950	11	39658.39	26.73	37554	0.00013038	0.00018734	0.00017208	0.00029359	0.00001292	0.00000141	0.00001117	0.00000418	0	0	0	0	0	0	0	0	0.02513570	0.03874771	0.02807455	0.03273073	0.02093986	0.02756124	0.02260721	0.02379450	12213696.01821192	0.05178063	0.02300780	0.02501439	12213688.01768489	0.04550616	0.02224830	0.02369392			
119	uwv (w:ooze)	UW.V	UW1.V	1	2	6	12119.35	10.54	16711	6	12119.35	10.54	16711	0.00031973	0.00041805	0.00045677	0.00069031	0.00030373	0.00039584	0.00045086	0.00069430	0	0	0	0	0	0	0	0	0.00510369	0.00778716	0.00332626	0.00456588	0.00507976	0.00735189	0.00328584	0.00450994	0.00662252	0.01301193	0.00504270	0.00591776	0.00644643	0.01194847	0.00491656	0.00566870			
120	vaa (w:v)	V.AA	V.AA1	1	2	23	1040.32	33.42	17595	23	1040.32	33.42	17595	0.00025765	0.00007623	0.00028270	0.00018639	0.00021326	0.00006005	0.00022497	0.00015474	0	0	0	0	0	0	0	0	0.03814530	0.02349726	0.03869868	0.03111758	0.03256856	0.02197618	0.03586861	0.02981744	0.03476821	0.00093456	0.02538021	0.00925818	0.03384504	0.00085619	0.02472732	0.00886172			
121	vae (w:v)	V.AE	V.AE1	1	2	11	3086.48	10.46	9842	11	3086.48	10.46	9842	0.00066430	0.00014196	0.00051579	0.00029230	0.00055253	0.00012724	0.00047103	0.00027986	0	0	0	0	0	0	0	0	0.04095380	0.02640484	0.03958192	0.03027950	0.03692395	0.02474213	0.03729542	0.02921710	0.01158941	0.00339759	0.00626528	0.00584299	0.01126439	0.00311793	0.00608376	0.00559014			
122	veh (w:v)	V.EH	V.EH1	1	2	10	127.55	9.52	3190	10	127.55	9.52	3190	0.00101817	0.00068906	0.00087500	0.00070803	0.00089180	0.00063477	0.00079402	0.00066634	0	0	0	0	0	0	0	0	0.04246457	0.02718406	0.04401412	0.04220162	0.03638314	0.02508018	0.04038281	0.03987380	0.01324503	0.00008604	0.00595985	0.00106835	0.01287730	0.00007702	0.00578586	0.00101626			
123	ver (w:v)	V.ER	V.ER1	1	2	28	22996.54	44.84	77901	23	5553.59	21.07	24215	0.00277514	0.00242119	0.00252313	0.00272891	0.00064946	0.00009174	0.00046853	0.00023320	0	0	0	0	0	0	0	0	0.02340552	0.01503297	0.02431997	0.02368646	0.01700120	0.00804700	0.01813787	0.01652724	0.03476821	0.01570215	0.02371730	0.02963784	0.03061923	0.00570984	0.01546760	0.01513847			
124	vih (w:v)	V.IH	V.IH1	1	2	13	22745.21	11.44	9777	11	63.41	6.38	1315	0.00157072	0.00128761	0.00174901	0.00205068	0.00069147	0.00027927	0.00078468	0.00061706	0	0	0	0	0	0	0	0	0.05876355	0.04981474	0.05970526	0.05702563	0.03429720	0.02960229	0.03916862	0.04007743	0.01158941	0.02547828	0.00752942	0.00628374	12226224.00803859	0.00004423	0.00312958	0.00063156			
125	voy (w:v)	V.OY	V.OY1	1	2	20	719.36	15.55	11600	20	719.36	15.55	11600	0.00013038	0.00006349	0.00013487	0.00014007	0.00009693	0.00005779	0.00011648	0.00013669	0	0	0	0	0	0	0	0	0.00943081	0.00235520	0.00897240	0.00592326	0.00933341	0.00223309	0.00891992	0.00586725	0.02814570	0.00070553	0.00996439	0.00589211	0.02739343	0.00064589	0.00969165	0.00563719			
126	vuh (w:v)	V.UH	V.UH1	1	2	5	38.54	3.76	1001	5	38.54	3.76	1001	0.00000310	0.00000005	0.00000055	0.00000011	0.00000323	0.00000005	0.00000057	0.00000011	0	0	0	0	0	0	0	0	0.01186162	0.01146710	0.01252276	0.01280097	0.01139039	0.01057016	0.01200237	0.01205083	12226480.00827815	0.00005032	0.00323642	0.00066676	12226472.00803859	0.00004423	0.00312958	0.00063156			
127	wae (w:pah)	W.AE	W.AE1	1	2	16	17801.79	33.36	49899	16	17801.79	33.36	49899	0.00027006	0.00003978	0.00020950	0.00008252	0.00018418	0.00003273	0.00017084	0.00006938	0	0	0	0	0	0	0	0	0.04470075	0.05725264	0.04869176	0.05228736	0.04066358	0.05407414	0.04637222	0.05105637	0.01821192	0.02266511	0.02601945	0.03287297	0.01769526	0.02005072	0.02518583	0.03119324			
128	wah (w:le)	W.AH	W.AH0	1	2	22	110018.03	68.54	118653	17	95179.41	50.7	84593	0.00151795	0.00975919	0.00186671	0.00326968	0.00065592	0.00331004	0.00074855	0.00119502	0	0	0	0	0	0	0	0	0.05135398	0.09711339	0.05662902	0.06780103	0.03257087	0.07041862	0.03486242	0.04176225	0.02649007	0.07832644	0.03721012	0.04364295	0.02253397	0.07070445	0.03265815	0.03777966			
129	weh (w:des)	W.EH	W.EH1	1	2	20	21902.07	48.63	73350	20	21902.07	48.63	73350	0.00126961	0.00444884	0.00167858	0.00293554	0.00090149	0.00337557	0.00122665	0.00219079	0	0	0	0	0	0	0	0	0.04621152	0.05803186	0.05312396	0.06420948	0.04012278	0.05441219	0.04945962	0.06171307	0.01986755	0.01935356	0.02571402	0.02809833	0.01930817	0.01700982	0.02488793	0.02661937			
130	wih (w:way)	W.IH	W.IH1	1	2	26	47621.72	58.65	91747	24	24939.92	53.59	83285	0.00252370	0.00637101	0.00284038	0.00379253	0.00154449	0.00447407	0.00189656	0.00251080	0	0	0	0	0	0	0	0	0.06251050	0.08066253	0.06881510	0.07903349	0.03803683	0.05893431	0.04824543	0.06191670	0.01821192	0.04474580	0.02728360	0.03331372	12226992.01446946	0.01697702	0.02223166	0.02623467			
131	wuh (w:way)	W.UH	W.UH0	1	2	11	16593.43	32.03	50734	9	14795.39	26.71	41581	0.00031973	0.00093639	0.00030606	0.00048764	0.00000646	0.00000011	0.00000125	0.00000024	0	0	0	0	0	0	0	0	0.01560857	0.04231489	0.02163259	0.03480883	0.01143133	0.03095313	0.01618862	0.02585666	12227120.01490066	0.01931785	0.02299059	0.02769674	12227112.01446946	0.01697702	0.02223166	0.02623467			
132	yah (w:le)	Y.AH	Y.AH0	1	2	23	119208.54	50.21	63511	17	117782.78	38.18	48392	0.00667399	0.00188519	0.00546837	0.00383205	0.00192254	0.00047745	0.00174350	0.00110888	0	0	0	0	0	0	0	0	0.04372453	0.09306526	0.04526788	0.04976476	0.02495632	0.06656941	0.02354248	0.02386414	0.02980133	0.11799487	0.03252765	0.03050297	0.02574940	0.10556609	0.02813025	0.02533332			
133	yer (w:burr)	Y.ER	Y.ER1	1	2	28	66866.17	59.47	94774	25	50682.39	36.63	44750	0.00163280	0.00126513	0.00183981	0.00213619	0.00006462	0.00001741	0.00005904	0.00002208	0	0	0	0	0	0	0	0	0.01952301	0.04183264	0.02206867	0.02765805	0.01312628	0.03352980	0.01589473	0.02046840	0.04470199	0.07463810	0.03878900	0.04352784	0.04026553	0.05750428	0.03004177	0.02829524			
134	yih (w:ewe)	Y.IH	Y.IH1	1	2	16	68141.4	29.76	35357	14	45459.6	24.7	26895	0.00110509	0.00120939	0.00096724	0.00173349	0.00004200	0.00032398	0.00009539	0.00033291	0	0	0	0	0	0	0	0	0.05488105	0.07661440	0.05745396	0.06099721	0.03042228	0.05508509	0.03692549	0.04401859	0.02152318	0.08441423	0.02260113	0.02017374	12227504.01768489	0.05183866	0.01770376	0.01378833			
135	yuh (w:ewe)	Y.UH	Y.UH0	1	2	12	51622.53	25.08	30201	11	45177.14	21.27	21854	0.00045321	0.00297010	0.00051656	0.00093025	0.00005170	0.00017662	0.00006736	0.00021949	0	0	0	0	0	0	0	0	0.00797912	0.03826676	0.01027145	0.01677255	0.00381677	0.02710392	0.00486868	0.00795855	12237392.01821192	0.05898627	0.01830812	0.01455676	12237384.01768489	0.05183866	0.01770376	0.01378833			
136	zaa (w:z)	Z.AA	Z.AA1	1	2	20	1025.81	32.06	17140	20	1025.81	32.06	17140	0.00016142	0.00002211	0.00013221	0.00005487	0.00012601	0.00001691	0.00010770	0.00004650	0	0	0	0	0	0	0	0	0.03196816	0.02209457	0.03264232	0.02778060	0.02640348	0.02064242	0.02983422	0.02650601	0.02980133	0.00091924	0.02447642	0.00901573	0.02902189	0.00084274	0.02385336	0.00863206			
137	zae (w:z)	Z.AE	Z.AE1	1	2	7	3037.43	8.64	8626	7	3037.43	8.64	8626	0.00024523	0.00017065	0.00027351	0.00030058	0.00021002	0.00015590	0.00024777	0.00029581	0	0	0	0	0	0	0	0	0.03477666	0.02500215	0.03352556	0.02694252	0.03075886	0.02340836	0.03126103	0.02590568	0.00662252	0.00338227	0.00536150	0.00560053	0.00644124	0.00310447	0.00520980	0.00536048			
138	zao (w:z)	Z.AO	Z.AO1	1	2	17	613.21	13.38	11527	17	613.21	13.38	11527	0.00012106	0.00001499	0.00007917	0.00004150	0.00011955	0.00001428	0.00008115	0.00004221	0	0	0	0	0	0	0	0	0.01760607	0.01951660	0.02009499	0.02327296	0.01554882	0.01813701	0.01859692	0.02200867	0.02649007	0.00064376	0.00953573	0.00676814	0.02579608	0.00058977	0.00928110	0.00647898			
139	zay (w:z)	Z.AY	Z.AY1	1	2	27	53042.48	59.84	76698	27	53042.44	59.82	76696	0.00020177	0.00004151	0.00016875	0.00010628	0.00017125	0.00003729	0.00015260	0.00010301	0	0	0	0	0	0	0	0	0.01822588	0.01783443	0.01969977	0.02282870	0.01415818	0.01632923	0.01734702	0.02110560	0.03973510	0.01447896	0.04308230	0.04286567	0.03869931	0.01329421	0.04198388	0.04105737			
140	zer (w:z)	Z.ER	Z.ER1	1	2	19	20942.88	36.01	61524	17	5532.52	18.24	23525	0.00072017	0.00018777	0.00069872	0.00045493	0.00021002	0.00006605	0.00021141	0.00017903	0	0	0	0	0	0	0	0	0.01722838	0.01363028	0.01826361	0.02034948	0.01083612	0.00671324	0.01210348	0.01321582	0.02980133	0.01568684	0.02281352	0.02939539	0.02579608	0.00569638	0.01459364	0.01490881			
141	zey (w:z)	Z.EY	Z.EY1	1	2	23	37516.55	60.24	78383	23	37516.55	60.24	78383	0.00035077	0.00002098	0.00012014	0.00005053	0.00035220	0.00001998	0.00012309	0.00005136	0	0	0	0	0	0	0	0	0.01527211	0.01667166	0.02052556	0.02395118	0.01459276	0.01570575	0.02004763	0.02353840	0.03642384	0.01917089	0.04669657	0.04637512	0.03547350	0.01760272	0.04552557	0.04442052			
142	zih (w:z)	Z.IH	Z.IH1	1	2	8	22717.85	9.21	9428	6	36.05	4.15	966	0.00192149	0.00057240	0.00162698	0.00128158	0.00045236	0.00011225	0.00041621	0.00029098	0	0	0	0	0	0	0	0	0.05258641	0.04841204	0.05364891	0.05368865	0.02813211	0.02826853	0.03313423	0.03676600	0.00662252	0.02546296	0.00662564	0.00604129	12238288.00321544	0.00003077	0.00225562	0.00040190			
143	zuh (w:z)	Z.UH	Z.UH1	1	2	2	26.81	2.71	637	2	26.81	2.71	637	0.00001863	0.00000338	0.00001971	0.00000678	0.00001939	0.00000322	0.00002029	0.00000691	0	0	0	0	0	0	0	0	0.00568448	0.01006441	0.00646640	0.00946398	0.00522530	0.00923639	0.00596798	0.00873941	12238416.00331126	0.00003501	0.00233263	0.00042430	12238408.00321544	0.00003077	0.00225562	0.00040190			
